-0.945596,
0.157435,
-0.612635,
0.717063,
0.274822,
-0.0216495,
-0.178304,
0.913524,
0.751451,
0.419013,
-0.443697,
0.663607,
0.406297,
-0.015526,
-0.432174,
-1.02583,
-0.933031,
-0.432886,
-0.786945,
-0.591561,
0.812229,
-0.104009,
-0.77027,
-1.16509,
-1.01742,
-0.220574,
0.00275437,
0.0575749,
0.259817,
0.153814,
0.129696,
-0.673065,
0.258197,
-0.220526,
-0.4624,
-1.02979,
0.105809,
0.61947,
0.520052,
-0.0720977,
-0.475725,
0.623963,
0.267825,
0.661851,
0.600615,
-0.140883,
-0.68857,
-0.152216,
-0.625135,
0.649743,
-0.707977,
0.393561,
0.368469,
0.67638,
0.739508,
0.0852178,
0.188381,
-0.335166,
-0.614493,
-0.506217,
0.515157,
-1.12332,
-0.46399,
-1.02955,
0.107244,
-0.974218,
-1.10224,
0.73073,
-0.580171,
-0.62171,
0.0440117,
0.15446,
0.478869,
0.25342,
0.0649129,
-0.569247,
0.448136,
-0.0708707,
-0.144827,
0.833025,
0.311172,
-0.930413,
0.0487489,
-0.0975458,
-0.179563,
0.405986,
0.122803,
0.298711,
-0.184901,
-0.719468,
-0.30732,
-0.0170688,
0.616729,
0.0839403,
0.910261,
0.38585,
-0.125166,
-0.547432,
0.29139,
0.292901,
-0.663393,
0.446862,
0.0487618,
-0.79023,
0.773759,
-0.521099,
0.918094,
0.379984,
-0.0446068,
0.0790861,
-0.797227,
0.106065,
0.746523,
0.236011,
-0.778779,
0.570303,
0.46828,
0.0540766,
-0.806025,
-0.859858,
0.43218,
-0.217571,
-0.780114,
-0.0500707,
0.277466,
-0.344599,
-0.551501,
-0.0449411,
0.170998,
0.312805,
0.241798,
-0.138553,
-0.784377,
-0.470489,
0.520413,
-1.02306,
-0.124273,
0.166978,
-0.296796,
-0.0902558,
-0.875889,
0.708126,
0.616157,
-0.0562346,
-0.477399,
-0.291316,
-0.41304,
0.498202,
-0.556964,
-0.166901,
-0.677454,
0.700188,
-0.568809,
0.250707,
-0.192193,
-0.822552,
0.267523,
0.407109,
-0.269237,
-0.201531,
0.521511,
-1.08842,
0.768582,
-0.1977,
-1.05716,
-0.21702,
-0.939666,
-0.343129,
0.788471,
0.307898,
0.39441,
-0.495781,
0.736486,
-0.692419,
-0.622737,
0.523807,
-0.324708,
0.94287,
-0.441946,
-0.329107,
-0.776625,
0.406371,
0.653028,
0.348064,
0.119148,
0.45231,
-0.324322,
-0.634195,
-0.899175,
-0.806487,
0.668409,
0.792254,
-0.47946,
-0.746272,
0.163859,
0.239156,
-0.901881,
-0.707181,
-0.00733768,
0.475937,
0.344159,
0.0755956,
-0.838594,
-0.0952921,
-0.649197,
0.432784,
-0.406556,
-0.100775,
-0.590874,
0.0834503,
0.0147717,
0.245199,
-0.674801,
-0.0568307,
0.945053,
0.40433,
0.879128,
-0.683828,
-0.395543,
-0.702355,
0.987146,
-0.070873,
0.956515,
-0.0328056,
-0.508043,
0.412687,
-0.378809,
-0.478871,
0.857643,
0.758417,
0.422301,
1.24839,
0.484144,
0.441479,
1.12241,
1.06414,
-0.150278,
0.249674,
0.0736865,
0.411595,
-0.560596,
0.514341,
0.0749705,
0.80134,
-0.445267,
-0.563119,
0.166985,
0.38498,
0.178267,
-0.370483,
-0.0651095,
-0.820255,
0.340946,
0.118777,
0.146314,
0.298825,
0.506833,
-0.551323,
0.18555,
0.743919,
0.664315,
0.101993,
0.328724,
-0.699432,
0.522509,
0.870498,
-0.310948,
0.437173,
-0.452953,
-0.731158,
-0.49283,
0.75208,
0.510473,
0.418066,
-0.495662,
-0.354069,
-0.991892,
-0.914968,
0.246088,
0.568986,
0.0147171,
-0.0989029,
-0.346243,
-0.686161,
0.105713,
0.147412,
-0.6449,
-0.139482,
0.40156,
-0.45279,
0.615026,
0.813835,
0.636375,
0.35693,
-0.490983,
0.724087,
-0.678401,
-0.931745,
0.500991,
-0.166516,
0.249261,
0.946105,
-1.05726,
0.428915,
0.238603,
-0.144097,
-0.63859,
0.0256275,
-0.544412,
-0.642428,
0.71686,
0.161651,
0.270768,
-0.855386,
-0.279235,
-0.51069,
0.0594695,
0.550818,
-0.104184,
-0.389784,
-0.163745,
-0.35807,
-0.0692629,
-0.436025,
-1.03519,
0.0870925,
-1.25619,
0.379571,
0.201369,
-0.344625,
0.585972,
-0.257505,
-0.278921,
0.40123,
0.254542,
-0.782787,
1.06637,
0.360341,
-0.673702,
-0.187733,
-0.565849,
0.522968,
0.798345,
0.186208,
-0.94694,
-0.275308,
-0.920257,
0.24522,
-0.767042,
0.716183,
0.79819,
0.272921,
-0.144737,
0.608208,
1.03267,
-0.0636982,
-0.0924812,
0.437505,
0.367676,
-0.282486,
-0.567854,
-0.52792,
0.741772,
-0.160622,
-0.0142717,
-0.0653606,
0.571239,
0.307118,
0.651436,
-0.0143785,
0.191721,
0.639785,
0.807606,
-0.727316,
0.249842,
-0.27404,
-0.549399,
-0.775749,
0.801068,
-0.913573,
-0.336852,
0.0209122,
-0.457768,
-0.246431,
-1.01773,
-0.0636956,
-1.05032,
0.77336,
-0.813318,
-0.12436,
0.410068,
0.786538,
0.292862,
0.431431,
0.113093,
-0.289164,
0.698073,
-0.389337,
0.849566,
-0.576012,
-0.461824,
0.125932,
0.813686,
-1.03287,
-0.975673,
-0.0282341,
-0.195138,
-0.722672,
-0.328702,
0.777024,
-0.647169,
-0.800089,
-0.550365,
0.62215,
-0.957575,
-0.686921,
-0.604067,
-0.460789,
0.686955,
-0.323344,
-0.137416,
0.728992,
0.647633,
-0.182426,
0.671831,
0.219602,
-0.17231,
-0.501553,
-1.12843,
-0.17735,
0.695636,
-0.0680565,
-0.381495,
0.431696,
-0.572814,
0.394516,
0.76682,
0.0531204,
0.996434,
-0.985898,
0.968663,
0.276653,
0.571627,
0.126389,
-0.450191,
-0.501344,
-0.0636091,
-0.919849,
-0.0503499,
-0.707166,
0.209897,
0.861261,
-1.09325,
0.640705,
0.316935,
0.00122974,
0.447632,
-0.0868184,
0.611184,
-1.13828,
0.236115,
0.383917,
0.361185,
-1.16542,
0.840585,
0.0921097,
0.288822,
-1.09752,
-0.0514478,
0.707521,
-0.912777,
-0.658412,
-0.839925,
0.88157,
0.175013,
-0.680204,
0.684999,
-0.407138,
0.483058,
-0.71287,
-1.02239,
-0.034037,
-0.757564,
-0.711517,
0.0314515,
-1.63605,
1.02387,
-0.38364,
-1.49599,
-0.252646,
-0.361657,
0.42654,
-0.313047,
-0.0113308,
-0.487043,
-0.139665,
-0.846855,
0.543956,
-0.833363,
-0.298506,
-0.401999,
0.978753,
-0.959838,
-0.511946,
-0.659905,
-0.620464,
-0.898814,
0.168342,
0.732888,
0.759894,
-0.725038,
0.500032,
0.24671,
0.214579,
0.540038,
-0.0732974,
0.858979,
0.377841,
-0.867518,
0.219885,
0.174341,
-0.0922069,
0.814109,
0.100523,
0.11408,
0.141758,
-0.422904,
-0.106952,
-0.369336,
-1.04948,
0.315232,
-0.768884,
-0.929781,
-0.346074,
0.000993327,
-0.941856,
-0.508734,
-0.587118,
0.194409,
0.0621736,
0.027599,
0.215245,
-0.402917,
0.333452,
-0.228851,
0.658315,
0.00761592,
-0.831187,
0.71669,
0.604998,
-0.277338,
1.02364,
-0.651205,
0.615179,
0.219884,
-0.184935,
0.304484,
0.551695,
-0.771449,
-0.615462,
-0.398689,
-0.0338694,
0.593206,
0.230144,
0.454386,
0.537885,
-0.383091,
-0.126317,
0.865824,
-0.396366,
-0.327258,
0.253494,
-0.326988,
0.321106,
0.295971,
0.423235,
0.44576,
-0.774386,
-0.821417,
-0.602261,
0.237777,
0.786395,
-0.494031,
-0.163215,
-1.22979,
0.457827,
-0.544281,
0.00703691,
0.209853,
-0.190365,
0.712637,
-1.00077,
-1.05884,
-1.09804,
-1.08037,
-0.478293,
-0.454163,
0.289908,
-0.707483,
-0.311496,
-0.736946,
0.529042,
0.475235,
-0.501666,
0.343587,
0.352452,
0.330124,
0.323056,
-0.713687,
0.216699,
-0.173253,
-1.29812,
0.279724,
-0.373621,
0.984923,
0.0454658,
-0.0338621,
-0.273359,
0.042751,
-1.01787,
-0.63,
-0.747099,
1.14719,
-0.650167,
-1.33496,
0.140515,
0.473997,
-0.509355,
-0.34728,
-0.0997805,
-1.10621,
-0.156691,
-0.1185,
0.0694788,
0.396912,
-0.176998,
-0.361366,
0.527686,
0.695082,
0.284524,
0.916315,
-1.09185,
-0.0383204,
0.957393,
-0.388636,
-0.576774,
-0.702091,
-0.718676,
0.148043,
-0.207658,
-0.765457,
-1.02368,
0.00386754,
0.737884,
1.18286,
-0.207377,
0.618982,
0.479622,
0.888882,
0.612503,
-0.139307,
0.140365,
-1.11686,
0.559435,
-0.359513,
0.0434458,
0.0246959,
0.00471075,
0.423165,
0.279526,
-0.0252917,
-1.06406,
-0.872121,
-0.720782,
-0.456044,
0.424275,
-0.655688,
0.60471,
-0.861335,
0.171815,
0.0962891,
0.516753,
-0.902167,
-0.0824111,
0.519561,
0.178357,
0.707204,
-0.67769,
0.543706,
0.255683,
0.637223,
0.259465,
0.614543,
0.176284,
-0.791639,
0.231487,
-0.700166,
-0.750968,
0.422324,
0.61619,
-0.719135,
0.29263,
0.288681,
-0.863196,
0.325058,
0.415248,
-0.444231,
-0.699125,
-0.177234,
0.111727,
0.566057,
-0.566165,
0.0644421,
0.679875,
-1.0419,
-0.137144,
0.387102,
-0.413715,
-0.568201,
-0.20412,
0.334242,
0.188964,
0.186387,
-0.0770325,
0.385412,
-0.827082,
0.160723,
-0.491468,
-0.735364,
0.971989,
-0.282044,
-1.03705,
0.388812,
-0.526437,
-0.511136,
-0.912675,
-0.325672,
0.480145,
-0.139694,
-0.27444,
-0.562826,
-0.313786,
-0.792286,
0.190005,
0.72322,
-0.567409,
0.002576,
0.685174,
0.422851,
0.259236,
-0.478231,
0.116861,
0.242481,
0.89121,
1.59854,
0.266792,
-0.818261,
0.124082,
0.354172,
0.495006,
0.734073,
0.71694,
-0.477902,
0.6494,
0.0869295,
0.346464,
0.482673,
0.388286,
0.618665,
0.713508,
0.833749,
0.126943,
-0.0394139,
-0.672275,
-0.143773,
1.12048,
-0.0994119,
-0.619197,
-0.951429,
0.597664,
0.437087,
-0.954686,
-1.04737,
-0.44164,
0.206057,
0.409422,
-0.814288,
-0.823227,
-0.560699,
0.182263,
-0.742563,
1.11398,
0.472626,
-0.829625,
0.579488,
0.161316,
0.273393,
-0.778551,
-0.372032,
-0.0186526,
0.381272,
0.823846,
-0.97556,
0.529634,
-0.52567,
0.108558,
-0.0493254,
0.909499,
0.2024,
-0.370678,
-0.492785,
0.661788,
-0.613713,
0.102917,
0.209258,
-0.733756,
0.812349,
0.569075,
-0.38971,
-0.0890594,
0.787915,
1.0828,
0.578925,
0.29738,
0.264465,
0.622812,
0.265727,
-0.413583,
0.357877,
-0.482295,
-0.0967278,
0.146096,
-0.391354,
0.213721,
-0.0957636,
0.905833,
0.363331,
0.339414,
0.175808,
-0.0747644,
1.09321,
0.145189,
0.987336,
-0.658574,
0.213459,
0.688381,
0.0949989,
0.977897,
0.0488703,
-0.119076,
-0.0678309,
1.15783,
0.709185,
-0.750596,
-0.465207,
-0.523189,
0.426623,
0.821745,
0.0874901,
-1.05922,
0.301941,
-1.03387,
-0.0135706,
0.0120903,
-0.109534,
-0.806256,
1.02378,
-0.631483,
0.166886,
0.194466,
-1.03683,
-0.950686,
0.184119,
-0.476132,
-0.380293,
0.577283,
-0.0841655,
0.0780658,
-0.417616,
0.31309,
-0.885095,
0.516973,
0.48677,
1.0449,
-0.100981,
-0.944196,
-0.262702,
-0.190785,
-0.668404,
0.672661,
0.521283,
0.845099,
0.421267,
0.265124,
-0.0551751,
0.383844,
0.529049,
1.02844,
-0.0473016,
-0.296903,
-0.80762,
0.429711,
0.563993,
-0.0657924,
-0.659922,
0.253953,
0.444614,
-0.813783,
-0.0863472,
0.382009,
-0.626459,
-0.751753,
-0.480603,
-0.917057,
0.531938,
-1.09507,
0.0800033,
0.171191,
0.402481,
0.546635,
0.782743,
0.329309,
-0.290486,
0.550443,
-0.260961,
0.985176,
0.6812,
-0.403557,
-0.284207,
-0.241079,
-0.704281,
0.132259,
-0.471771,
0.851327,
-0.653152,
-0.230514,
-0.312585,
-0.787134,
-0.672093,
-0.874684,
0.531422,
0.433849,
0.680549,
-1.13271,
-0.155728,
-0.0434561,
0.690194,
-0.0830019,
-0.128196,
0.528465,
-0.546772,
0.0242177,
-0.89864,
0.661693,
0.792444,
0.472558,
-0.81239,
-0.137469,
0.212898,
0.42294,
0.762373,
-0.509354,
0.625867,
0.503348,
-0.540193,
0.0451734,
-0.787125,
-0.187667,
0.530389,
0.238422,
-0.878785,
0.360958,
-0.0583511,
0.867876,
0.586743,
0.720494,
-0.169539,
-0.184029,
-0.0260325,
-0.652868,
0.344761,
-1.00092,
0.437419,
0.41472,
-0.559649,
-0.657387,
-1.03213,
0.298233,
-0.956225,
-0.230075,
0.334153,
0.648411,
-0.0994094,
0.947099,
0.0302301,
-0.543963,
-0.0260933,
-0.143327,
0.478699,
-1.31229,
-0.645079,
-0.957419,
-1.03983,
0.29964,
-0.883957,
-0.40123,
0.930117,
-0.466475,
0.522916,
0.275867,
0.850405,
-1.04319,
-0.884643,
0.171606,
-0.746637,
0.464373,
0.525123,
0.533129,
0.486561,
-0.0191876,
-1.11464,
-0.77676,
-0.817799,
-0.499764,
-0.35573,
-0.86008,
0.585726,
-0.00317533,
-0.178331,
0.54907,
-0.163201,
0.122344,
1.06509,
0.968104,
0.458854,
0.434603,
-0.813391,
-0.253714,
-0.296523,
-0.597459,
0.884545,
0.413068,
0.525072,
-0.834787,
0.131745,
0.467074,
0.219091,
0.392717,
-0.892994,
-0.0698472,
-0.564871,
-0.0223478,
0.588661,
0.506622,
-1.0451,
0.321089,
-0.253568,
-0.979649,
-0.642495,
-0.185494,
-0.872749,
0.598984,
-0.20742,
-0.709344,
0.294828,
0.857406,
-0.589794,
-1.08258,
0.196797,
-0.733216,
0.0612865,
0.425067,
0.574954,
-0.643039,
-0.0374216,
0.696245,
0.607962,
0.0314889,
-0.431485,
0.386475,
-0.374666,
-0.453453,
-1.06358,
-0.189419,
-0.407535,
-0.810854,
-0.268878,
0.699018,
-0.852274,
0.93492,
-0.565466,
0.479451,
0.464824,
-0.365473,
-0.936188,
0.0039704,
-0.226649,
0.136701,
-0.404269,
-1.12956,
0.162651,
-0.627015,
-0.357735,
-0.565302,
0.00789095,
-0.318905,
0.878165,
0.123503,
0.446179,
-0.300751,
0.600534,
0.491396,
-0.6937,
0.0575062,
-0.993112,
-0.992029,
0.460391,
-0.336449,
0.894042,
-0.0760435,
0.511792,
-0.852611,
0.408927,
-0.826386,
0.400291,
0.976636,
-0.202065,
-0.250177,
0.621409,
-0.530197,
0.446137,
0.318312,
0.356091,
-0.802901,
0.588916,
-0.143975,
0.28761,
-0.976566,
-0.646266,
-0.379409,
-0.289038,
-0.467841,
0.220027,
-0.840634,
-0.341719,
0.175752,
0.730672,
-0.0348286,
0.888521,
-0.275402,
-0.035803,
-0.911539,
0.95783,
0.721508,
-0.180184,
0.322068,
-0.484037,
0.1424,
-0.0158579,
0.256671,
-0.880041,
-0.355422,
-0.538148,
0.820905,
0.842954,
0.904637,
0.249545,
0.175291,
-0.945638,
-0.235722,
-0.293373,
-0.212084,
-0.778272,
0.749334,
-0.658609,
0.283063,
0.723368,
-0.036458,
-0.523413,
-0.750784,
-0.000560622,
0.423727,
-0.635589,
-0.491683,
0.225109,
0.501203,
-0.617155,
-0.759031,
-0.0841848,
0.641072,
0.0270457,
-0.867939,
1.16807,
-0.703912,
0.170479,
-0.422061,
-0.566309,
-0.76305,
-0.567348,
0.0144775,
0.917864,
-0.77984,
-0.635909,
-0.232021,
-0.525484,
0.154108,
0.0498305,
-0.282473,
0.743866,
0.287123,
-0.368141,
-0.00994196,
-0.354191,
0.793846,
0.121714,
0.646285,
0.410589,
0.417851,
0.255559,
0.680495,
-0.515464,
0.853435,
-0.547748,
0.717408,
0.0507656,
-0.985174,
0.0308422,
-0.36602,
-0.956791,
-0.931706,
-1.07003,
-0.290203,
0.565117,
-0.855668,
-1.07248,
-0.498031,
0.283948,
0.743655,
0.510404,
0.472348,
-0.438409,
0.420696,
0.953153,
0.695654,
-0.518089,
0.000953112,
-0.869992,
-0.914387,
-1.13074,
-0.433372,
0.363397,
-0.184058,
-0.617228,
-0.53129,
-0.824984,
-0.151927,
0.878745,
-0.371455,
-0.525015,
0.860686,
1.19016,
1.15394,
-0.356637,
1.52691,
-0.932003,
-0.678442,
-0.678728,
0.477203,
-0.29708,
0.393627,
-0.687796,
0.0233357,
0.287018,
0.616933,
0.684384,
0.814788,
-0.66959,
-0.669005,
0.100724,
0.563144,
0.845044,
-0.836504,
0.751778,
0.62059,
-0.186824,
0.26,
0.449658,
-0.0782688,
-0.527246,
0.735663,
1.0913,
0.39382,
0.290693,
-0.719485,
-0.762688,
-0.520647,
0.325075,
-0.188072,
-0.00141218,
-0.190542,
-0.127347,
0.62698,
1.31835,
0.328723,
0.843176,
-0.359267,
0.285116,
-0.25383,
0.695088,
-0.160645,
-0.542393,
0.307005,
0.29592,
-0.0894995,
-0.169466,
-0.596153,
-0.214045,
-0.454357,
0.798351,
0.485009,
0.599256,
0.335567,
0.214003,
-0.482603,
0.769086,
-0.690027,
0.51543,
0.585535,
-0.297199,
-0.622418,
0.198378,
-0.806165,
0.810909,
0.249858,
0.156972,
0.3264,
-0.277116,
0.498609,
0.326405,
0.320948,
0.147349,
0.711113,
-0.52508,
0.132236,
0.488741,
-0.717171,
-0.234355,
-0.680541,
0.0706338,
-0.176324,
-0.85565,
-0.562457,
0.748065,
-0.0575663,
0.142751,
-0.556342,
-0.26188,
1.00695,
0.87528,
-0.152095,
-0.488712,
-0.060568,
-0.510732,
1.18968,
-0.482791,
-0.0288986,
-0.273539,
-0.19776,
0.577969,
0.450025,
-0.601394,
-0.36263,
-0.904369,
-0.802923,
-0.0402918,
-0.616395,
0.0436496,
-0.996767,
-0.0523379,
0.593087,
-0.443592,
-0.998649,
-0.512072,
0.425649,
-0.00916075,
0.674485,
-0.0723114,
0.731186,
-0.75209,
0.426923,
0.835726,
-0.0313758,
-0.342579,
0.248356,
0.209583,
-0.590996,
0.605473,
-0.223847,
-1.35459,
-0.484313,
-0.679814,
-0.175408,
0.514419,
-0.494833,
0.739282,
-0.311233,
0.443605,
-0.610191,
-0.904515,
0.239776,
-0.255474,
-0.315268,
0.241084,
0.999499,
-0.497984,
0.710193,
-0.372971,
0.638767,
0.40208,
-0.371786,
-0.389279,
-0.338983,
0.0236162,
-0.257228,
-0.623816,
-0.965508,
-1.02693,
0.266645,
0.882434,
0.451382,
0.856626,
-1.01535,
0.323716,
0.0561824,
0.690003,
-0.527792,
0.101611,
0.36498,
0.538908,
0.593178,
0.537938,
0.0567362,
-0.251553,
0.425876,
-0.748844,
-0.0292801,
0.252669,
-0.400897,
0.798835,
-0.794346,
-0.272669,
-1.05413,
0.123146,
-0.659273,
-0.759134,
-0.762741,
-0.879209,
0.742615,
0.313644,
-1.14936,
-0.224672,
-0.719403,
0.76508,
-0.927207,
0.0218919,
0.758545,
-0.261438,
0.720765,
0.000813877,
-0.424346,
-0.527083,
0.107821,
0.571252,
0.530066,
-0.348793,
-1.13983,
0.0732975,
-1.13923,
0.339955,
-0.234574,
0.603094,
0.0634995,
-0.888842,
-0.155549,
-0.46197,
-0.0678261,
0.592294,
-1.2161,
-0.933131,
-0.407436,
-0.49187,
-0.580976,
0.319317,
0.897656,
-0.392197,
-0.627045,
0.112492,
-0.0587744,
0.992849,
-0.120935,
-0.165468,
-0.190781,
-0.326991,
0.0983324,
0.721182,
-0.340554,
-0.263612,
0.743135,
-0.137079,
-0.137571,
0.18627,
0.409492,
-0.988549,
-0.252932,
-1.3753,
-0.693493,
-1.04887,
-0.670449,
0.0620417,
0.481849,
-0.329818,
-1.06237,
0.622958,
-0.861739,
-0.414511,
0.519636,
-0.0163039,
1.13178,
-0.377971,
-0.850261,
-0.0828318,
-0.590144,
-1.13823,
0.0611787,
0.390233,
-0.960505,
0.804116,
-0.409474,
0.65563,
-0.153352,
-0.653421,
-0.496384,
-0.244798,
-0.528997,
-0.281928,
0.380704,
0.521706,
-0.217465,
-0.211196,
0.507268,
0.42221,
-0.955717,
-0.963121,
0.489309,
0.902488,
0.399172,
-0.564947,
-0.107421,
-0.528556,
-0.238888,
-0.771188,
-0.33849,
0.6691,
-0.676011,
-0.483204,
-0.761677,
-0.541399,
-0.824561,
-0.59142,
-0.671914,
-0.715291,
-0.624385,
-0.87845,
-0.138529,
0.767389,
0.343018,
-0.20777,
0.746868,
-0.735719,
-0.248583,
-0.338579,
0.27619,
-0.514521,
0.706164,
-0.535926,
-0.605081,
0.550051,
0.478241,
0.140677,
0.517102,
-0.99889,
-0.664905,
-0.616223,
0.98416,
0.566146,
0.0627212,
0.453026,
-0.562774,
0.752103,
-0.048933,
-0.880187,
0.69362,
-0.803544,
-0.405641,
-0.158155,
0.309549,
-0.10695,
-0.248014,
-0.731927,
0.866078,
-1.12803,
-1.18853,
0.636572,
-0.191437,
0.385394,
-0.76393,
-0.943765,
0.0465177,
0.267448,
0.127114,
0.45787,
0.326696,
-0.643775,
-0.0177563,
0.630018,
-0.82547,
0.689822,
-0.107601,
-0.721308,
-0.971549,
-0.890196,
-0.739657,
-0.700294,
-0.615508,
0.711251,
0.0389833,
0.333877,
-0.500459,
0.256745,
0.342867,
0.733231,
0.821196,
-0.231152,
0.858401,
-0.516789,
-0.740319,
-1.54294,
0.304135,
-1.25036,
0.167285,
-0.817729,
0.705325,
-0.14407,
-0.291033,
-0.0683549,
0.34898,
-0.252023,
-0.681189,
0.0540943,
-0.534102,
-0.13248,
-0.161638,
0.449057,
0.610877,
0.399837,
-0.162117,
0.509991,
0.00448211,
-0.547008,
-0.409406,
-1.00942,
0.725569,
0.455507,
-0.393368,
-0.527241,
-0.871522,
-0.402113,
-0.751438,
0.57554,
-0.854554,
-0.274901,
-0.429518,
0.672661,
0.0172358,
0.312858,
-0.027994,
-0.336701,
0.312527,
-0.364752,
0.684814,
0.545561,
-0.699883,
-0.335888,
0.616468,
0.296821,
-0.805197,
0.67669,
-1.02197,
0.504707,
-1.22196,
-0.813096,
-1.13362,
-0.18387,
0.151853,
-0.0517323,
-0.525538,
-0.802115,
-0.451998,
-0.75692,
0.0554769,
-0.635122,
-0.559859,
0.571881,
0.0825863,
-0.61994,
0.989302,
0.850972,
-0.776633,
-0.598509,
0.47496,
-0.0424267,
-0.44664,
-0.241986,
0.00805355,
0.506033,
-0.284983,
-0.930375,
0.348731,
0.0524458,
-0.973709,
-0.0162109,
0.716117,
0.312581,
-0.150537,
-0.1094,
0.82744,
-0.128241,
-0.245872,
0.872109,
0.404023,
-0.635143,
-0.079656,
-0.770423,
-0.639081,
0.127208,
0.423541,
-0.0381253,
0.491715,
0.266467,
-0.176037,
-0.23581,
0.234863,
0.0638457,
-0.109106,
0.482274,
0.0599469,
-0.0987358,
0.703073,
-0.532571,
-0.92794,
-0.917471,
-0.93775,
-0.518456,
-0.418084,
-0.394932,
0.303211,
-0.219652,
-0.902554,
-0.081183,
0.491737,
0.459607,
0.0372389,
0.171269,
-0.697605,
-0.98582,
0.0169185,
0.730504,
0.234682,
-0.579611,
-0.260838,
0.862536,
-0.885827,
-0.341736,
-0.149014,
-0.45455,
-0.448933,
0.11726,
-0.624154,
-0.453216,
-0.0399113,
0.678231,
-0.183692,
-0.563631,
0.189286,
-0.227766,
0.0476356,
-0.34864,
1.04682,
-0.61553,
0.465768,
-0.375162,
-0.318916,
-0.845345,
-0.871472,
0.2568,
0.831019,
0.0963272,
-0.116826,
0.21256,
-0.182201,
0.150174,
-0.825514,
1.02318,
-0.110566,
0.846636,
0.0486097,
0.937041,
0.114862,
0.567277,
0.417719,
-0.120948,
0.732294,
0.72402,
-0.888588,
0.53249,
-0.398494,
-0.476334,
0.552144,
0.434793,
-0.5772,
0.142668,
-0.695293,
-0.870931,
0.405551,
-0.28574,
-0.568145,
-0.781578,
0.0683308,
-0.569894,
-0.548271,
-0.700395,
0.292902,
0.331303,
0.339662,
0.290193,
-0.889272,
-0.330046,
0.884125,
-0.425622,
-0.377664,
-0.764699,
-0.346366,
-0.533452,
0.783374,
-0.658607,
-0.501247,
0.145033,
0.39444,
0.120428,
-0.546845,
0.313256,
-0.418261,
0.24827,
-1.12706,
0.322649,
0.14802,
-0.862219,
0.400344,
-0.275077,
0.0153903,
0.679176,
0.139277,
-0.168841,
-1.14388,
0.155741,
-0.0772358,
-0.470205,
-0.0310424,
0.404411,
-1.07465,
-1.14561,
-0.0720304,
0.344406,
-0.586121,
0.478768,
0.518539,
0.300825,
-0.528363,
-0.0709678,
-0.337067,
-0.941994,
-0.364468,
-0.948722,
0.243419,
-0.792687,
0.252954,
0.217347,
0.430435,
0.705405,
0.451987,
-0.0408742,
-0.653052,
-0.962976,
-0.643168,
0.308803,
0.811367,
-0.0180624,
-0.72609,
0.352363,
0.0751112,
-0.460827,
-0.144954,
0.945733,
-0.301293,
0.768149,
-0.692672,
0.0984191,
-0.0158866,
-0.736995,
0.80431,
-0.155942,
0.156896,
-0.958089,
0.20665,
0.409893,
-0.871507,
0.220459,
-0.725614,
-0.620005,
0.379412,
0.854913,
0.315544,
0.631073,
-0.0560474,
0.683638,
0.609687,
0.128714,
0.257575,
0.348088,
-0.953098,
0.302655,
-0.908482,
-0.348433,
0.152693,
0.300243,
0.507948,
0.594784,
-1.03094,
-0.224338,
0.216477,
-0.127409,
-0.31117,
0.326969,
0.00217235,
-0.459032,
0.0950938,
-0.486795,
0.328552,
-0.964722,
-1.01339,
0.828704,
-1.14572,
-0.284591,
-0.77886,
-0.319704,
-0.270521,
-0.589921,
-0.228966,
-0.575437,
-0.503486,
0.185415,
0.638385,
0.68996,
-0.239492,
-0.337081,
-0.700632,
0.757582,
0.262279,
-0.507901,
0.338162,
0.106426,
0.130021,
0.582969,
0.137712,
-0.715693,
-0.968279,
-0.102066,
0.252963,
0.0045649,
-1.08914,
-0.129814,
-0.244522,
0.82757,
0.63147,
0.271164,
-0.683126,
-0.848962,
-0.535417,
-0.119313,
0.264599,
-0.962247,
-0.201464,
-0.925827,
0.99495,
0.576088,
-0.93545,
-1.18749,
0.280482,
0.621897,
0.250728,
0.264833,
-0.888013,
0.24562,
0.111322,
0.12047,
0.781758,
-1.07747,
0.767355,
0.700518,
0.165225,
0.629913,
-0.0718888,
-0.772534,
0.878674,
0.246512,
-0.492598,
-0.596652,
0.157521,
0.595682,
0.270811,
0.699164,
-0.0831942,
0.839204,
0.230427,
0.373558,
-1.18554,
0.282352,
0.522394,
0.659653,
0.438109,
-0.367937,
-0.589293,
-0.80527,
-0.49257,
0.779219,
0.522661,
-0.472948,
-0.63694,
0.70132,
-0.316058,
-0.67909,
0.77626,
0.44715,
-0.347514,
-0.341231,
-0.0279739,
0.0823688,
0.903206,
0.393437,
0.529805,
-0.285578,
0.0486431,
0.950858,
0.257252,
-0.286254,
-0.306622,
0.237043,
0.351481,
0.0411968,
0.500225,
-0.46232,
-0.827561,
-0.0670317,
-0.858012,
-0.879223,
-0.0589073,
-0.698266,
0.280353,
0.690074,
-0.509358,
0.596816,
0.252816,
0.732618,
-0.940973,
-0.534701,
-0.149178,
0.236542,
0.308522,
-1.0465,
-0.300324,
-0.213624,
0.836834,
-1.08084,
-0.176825,
-0.869765,
-0.207336,
-0.421269,
0.282284,
0.684296,
0.437853,
0.0159274,
-1.01735,
-0.72061,
0.849074,
-0.450149,
0.123789,
0.263443,
0.95544,
0.669318,
0.387543,
0.13099,
-0.128283,
0.646085,
0.11224,
-0.384566,
0.672105,
-0.385803,
-0.0408479,
-1.13964,
0.856627,
0.730983,
-0.079823,
-0.458616,
-0.572927,
-0.923231,
0.190744,
0.568833,
-0.237862,
-0.466863,
0.104967,
0.336202,
0.362239,
-0.437341,
0.316463,
0.770756,
-0.399615,
-0.535613,
0.922885,
-0.0789008,
0.189817,
-0.430763,
0.875297,
0.591392,
0.474217,
-0.142207,
-0.797725,
-0.0444164,
0.89248,
0.366977,
0.0690635,
-0.531368,
0.124451,
-0.418145,
0.637024,
-0.407668,
1.06987,
0.533074,
-0.184547,
-0.421163,
-0.247289,
0.219986,
0.688539,
0.556634,
-0.448152,
0.470932,
-0.00161999,
0.793998,
0.717608,
0.138458,
-0.834949,
-0.426893,
-0.538743,
0.61444,
-0.642687,
-0.57216,
-0.46348,
0.730173,
0.521652,
-0.661916,
-0.444314,
-0.600778,
0.859618,
-0.574684,
0.744821,
0.415459,
-0.947134,
-0.0375688,
-0.647571,
-0.292,
-0.777988,
0.352885,
0.565603,
-0.557368,
-0.955271,
0.39377,
0.220836,
-0.10166,
-0.0473273,
-0.309604,
-0.721286,
-0.79768,
0.361465,
-0.932029,
-0.259517,
-0.520319,
-0.605498,
-0.024912,
-0.186818,
0.515405,
-0.114753,
0.0885534,
0.49529,
0.141365,
0.236625,
0.0933012,
-0.844129,
-0.747356,
-0.995841,
0.274692,
0.999145,
0.0324615,
-0.461653,
-0.214397,
-0.783286,
-0.0624025,
-0.606296,
0.0743733,
-0.349458,
-0.0347649,
0.319231,
0.274908,
0.109523,
0.0940724,
-0.874525,
0.644663,
0.378531,
-1.02525,
-0.625277,
-0.0465083,
-0.833042,
0.843102,
-0.153954,
0.354863,
0.214774,
0.433546,
0.136326,
0.429675,
-0.488009,
0.973049,
0.458792,
-0.670542,
-0.75871,
-0.797796,
0.822877,
0.551936,
-0.0789262,
-0.784958,
-0.96945,
-0.275603,
-0.399809,
-0.116567,
0.238151,
0.386441,
0.0949687,
0.739176,
0.00422552,
0.630198,
-0.708267,
-0.811063,
-0.760834,
-0.275567,
-0.475457,
-0.732231,
0.431898,
0.368676,
0.341661,
-0.324956,
-0.322084,
0.687403,
-0.951996,
0.378869,
-0.67198,
0.0267272,
-0.741101,
0.131834,
-0.589058,
-0.705752,
0.483652,
-0.290831,
0.393069,
0.495416,
0.062138,
-0.806329,
-0.432508,
0.214871,
0.538173,
0.737722,
0.738903,
0.115576,
-1.04535,
-1.14485,
0.050392,
0.463237,
-0.102038,
0.245597,
-0.16413,
-0.537021,
0.298644,
-0.46196,
0.457315,
-1.19171,
0.623113,
-0.905062,
-0.3092,
-0.666953,
-0.568731,
-1.18,
-0.263548,
-0.536196,
0.403714,
-0.131327,
-0.766601,
0.668377,
-0.269091,
-0.184549,
-0.167623,
0.0463513,
0.0345854,
-0.0178983,
0.186552,
-0.404583,
-0.141571,
0.375986,
0.657672,
0.144318,
0.313245,
0.289962,
0.582298,
0.430668,
-0.61546,
-0.0504993,
0.00217323,
0.738065,
0.193784,
0.304572,
0.572601,
0.306878,
-0.205696,
0.373574,
0.847718,
0.309344,
-0.449312,
0.208796,
0.437609,
0.410808,
1.08993,
0.162002,
-0.337013,
0.235343,
-0.358553,
0.830096,
-0.874321,
-0.417145,
0.385745,
0.366385,
0.271724,
0.262471,
1.03201,
1.19524,
0.141004,
0.112697,
0.0544329,
-0.908918,
-0.0799498,
0.602837,
0.722903,
0.0397773,
-0.548437,
-1.05175,
0.804096,
0.572558,
-0.862777,
-0.800763,
0.646548,
-0.299237,
0.462199,
-0.931955,
-0.409345,
-1.03009,
-0.912214,
-0.322807,
-1.04995,
-0.602241,
0.0867582,
0.430461,
-0.353056,
-0.183617,
-0.832929,
0.591535,
-0.272923,
-0.422704,
0.806151,
0.131871,
0.0663167,
0.682965,
0.107105,
-0.589644,
-0.419235,
-0.594285,
0.191084,
0.248373,
0.315636,
0.520841,
-0.000785529,
-0.0394604,
-0.711371,
-0.160253,
-0.0580157,
0.968717,
0.711582,
-1.01818,
-0.85351,
-0.814845,
-0.221309,
-0.365642,
0.864559,
0.664663,
0.147008,
-0.0116276,
-0.210608,
0.839473,
0.0439161,
-0.774773,
0.721915,
-0.164159,
0.505661,
0.991455,
-0.542344,
-0.939634,
-0.0693075,
-0.763237,
-0.289102,
-0.319498,
0.887936,
-0.959166,
0.884518,
0.562426,
0.553331,
0.552538,
0.439004,
0.165819,
-0.974354,
-0.956753,
0.0456377,
0.332905,
-0.791793,
-0.489599,
0.40044,
-0.402252,
-0.367101,
-0.042911,
0.760454,
0.826804,
0.787443,
0.66014,
0.0779191,
0.816984,
0.321066,
-0.449186,
0.919306,
-0.212274,
0.818141,
0.146863,
-0.0804526,
-0.731216,
0.386735,
-0.964559,
-0.415525,
-0.0569283,
-0.623319,
-1.03158,
-0.747626,
0.0111245,
-0.46075,
0.63486,
0.0294126,
-0.363779,
-1.06003,
-0.829431,
-0.490983,
0.0345931,
-1.0609,
0.468846,
-0.909696,
0.77253,
0.549581,
-0.645054,
-0.295277,
-0.166713,
0.487601,
0.685728,
0.767827,
0.0773644,
0.28843,
-0.562727,
0.163373,
0.224538,
0.427656,
0.844978,
0.0780517,
-0.70981,
-0.305351,
0.716837,
0.556557,
0.419328,
0.883639,
0.612822,
-0.782427,
-0.763665,
-1.01162,
0.885039,
-0.119402,
-0.594429,
0.27495,
-0.667031,
-0.398163,
0.458918,
0.235523,
0.845588,
-0.754524,
0.205798,
-0.707133,
-0.216761,
-0.908614,
-0.273423,
0.449588,
0.471613,
0.600827,
0.321528,
-0.248509,
-0.0654485,
0.21941,
-0.895369,
-0.494185,
-0.697829,
-0.599198,
0.180001,
-0.997058,
0.89561,
-0.394989,
0.899606,
-0.00758777,
-0.888607,
0.0800631,
-0.171545,
-0.774822,
-0.26669,
-0.757365,
-0.457852,
-0.562857,
-0.895199,
-0.469466,
0.192602,
0.711894,
-0.331977,
0.16596,
0.845191,
0.471908,
-0.948812,
0.578284,
0.271219,
-0.838595,
-0.855334,
-0.0124199,
0.136594,
-0.19131,
-1.02123,
0.271962,
0.89515,
-0.221809,
-0.911084,
-0.376495,
0.579284,
-0.846236,
0.744733,
0.109655,
0.358325,
-0.688578,
0.166485,
-0.976934,
-0.508333,
0.0595448,
0.168633,
0.203237,
0.614735,
0.0324857,
0.227756,
0.08022,
0.855681,
-0.411591,
-0.96007,
0.254444,
-0.652016,
0.523374,
0.690725,
-0.576514,
0.699221,
-0.0857144,
0.126011,
0.531724,
-0.958251,
0.465865,
-0.0760826,
-0.419723,
-0.145909,
0.299112,
-0.820307,
0.846919,
-0.949889,
-0.569201,
0.504135,
0.0784021,
-0.348308,
-0.992737,
0.822382,
0.406354,
-0.45732,
0.542039,
-0.900937,
-0.577929,
-0.507309,
0.0943327,
-1.01109,
-0.71221,
0.0127523,
-0.23484,
-0.0870693,
0.694327,
-0.957274,
-0.24137,
-0.689149,
0.479567,
-0.278025,
-0.240251,
-0.68096,
-0.279885,
-0.0097354,
-0.369854,
-0.250832,
0.106761,
0.396827,
-0.0821304,
-0.257183,
-0.581165,
0.929098,
-0.752133,
-0.335542,
-0.091894,
-0.577441,
0.590684,
0.731969,
0.405285,
-0.133722,
0.410216,
-0.487947,
-0.100226,
-0.648008,
-0.0596107,
-0.348357,
-0.158666,
-0.95703,
-0.0973035,
-0.399762,
-0.335248,
-0.126722,
-0.988149,
0.17817,
0.633655,
0.407423,
0.150117,
-0.0142623,
0.268837,
0.740749,
-0.205428,
0.811266,
0.270833,
0.116083,
0.283887,
0.698288,
0.0130839,
-0.12454,
-0.371315,
0.460265,
-0.499987,
-0.36088,
-0.995284,
-0.301569,
-0.391488,
-0.30165,
-0.701289,
-0.123621,
0.282813,
-0.49977,
0.674719,
-0.44093,
0.627515,
0.98159,
0.407385,
-0.291799,
0.668694,
0.572973,
-0.04016,
-0.902462,
-1.09706,
-0.840971,
0.244252,
-0.0375602,
0.158435,
0.0628747,
0.934646,
-0.143452,
-0.585441,
0.083004,
0.473506,
-0.435802,
0.127429,
-0.773676,
0.0790665,
-0.177674,
0.489616,
-0.43605,
-0.0348893,
0.00792884,
0.231894,
0.9667,
-0.724144,
-0.286657,
-0.710329,
-0.865116,
-0.119989,
-0.557532,
-0.599266,
0.339718,
-0.964361,
0.892589,
0.944617,
0.561158,
-0.462715,
0.336324,
0.00178419,
-0.283518,
0.509062,
-0.731014,
-0.569936,
-0.103931,
-0.312759,
0.302359,
-0.244812,
0.553215,
-0.10146,
-0.922911,
-0.0400141,
0.758481,
-0.145534,
0.563766,
-0.650394,
-0.540273,
0.405759,
0.94404,
-0.139287,
-0.62984,
-0.663646,
0.573036,
-0.170673,
0.124822,
-1.05689,
-0.44262,
-0.793788,
0.811169,
0.766568,
-0.107216,
0.506883,
-1.01857,
-0.131517,
0.488643,
0.253145,
-0.275847,
0.0484408,
0.302264,
0.166179,
-0.632454,
0.582159,
0.125079,
-0.231918,
0.173393,
0.567319,
-0.0490558,
-0.854591,
-0.801661,
-0.427016,
0.246769,
0.795941,
-0.399194,
-0.225102,
0.217281,
-1.06644,
-0.609087,
-0.144588,
0.763904,
0.32811,
-0.667304,
0.617961,
0.0944725,
-0.560376,
-0.632534,
-0.423443,
-0.0173338,
0.153799,
0.587551,
-0.965469,
0.391843,
0.852458,
-0.785334,
-1.10397,
0.724783,
0.29666,
-0.304103,
-0.278218,
0.507018,
-0.839732,
0.754498,
-0.469762,
0.726222,
0.608556,
0.62496,
-0.624999,
0.211262,
0.282028,
0.134926,
0.425835,
-0.071203,
-0.122383,
0.482637,
0.000167735,
0.30688,
-0.513183,
0.102006,
0.627436,
-0.0768725,
0.547882,
0.949706,
-0.33683,
0.751894,
0.115654,
0.318988,
0.861287,
0.371387,
0.000879995,
-0.10928,
-1.03785,
0.180417,
-0.208628,
0.289046,
-0.527628,
0.21756,
0.0994107,
-0.157031,
0.54862,
0.321378,
-0.130575,
-0.337115,
0.349327,
-0.819148,
0.487348,
-0.687345,
-0.301426,
0.0959817,
-0.774698,
-1.12909,
-0.360552,
-0.537515,
-0.553025,
-0.173685,
0.658686,
0.285917,
-0.201117,
-0.294825,
0.240121,
0.0815208,
-0.266893,
-0.998734,
-0.695536,
-0.624603,
-0.928982,
-0.793851,
-0.297136,
-1.02894,
0.407267,
0.343708,
-0.169945,
-0.0534922,
-0.702786,
0.496799,
-0.558074,
0.215993,
0.78799,
0.478835,
0.719553,
-0.120502,
-0.0356857,
-0.309859,
-0.251464,
0.299135,
-0.897423,
0.116776,
-0.865383,
-0.661203,
-0.461815,
0.295761,
-0.787546,
0.419519,
0.564787,
-0.428403,
-0.24521,
-0.48381,
0.751106,
-0.333483,
-0.48799,
0.741958,
-0.635643,
0.898022,
-0.528667,
-0.294512,
0.898572,
0.202842,
-0.319717,
-0.78886,
-0.505793,
0.0640616,
-0.633338,
0.818484,
0.878859,
-0.109086,
0.435349,
-0.805139,
0.920552,
-0.524861,
0.664588,
0.883048,
-0.781705,
-0.685251,
-0.501579,
0.0507931,
0.459139,
0.326131,
-0.459963,
0.156898,
0.556187,
-0.0835614,
-0.142386,
-0.142733,
-0.0575208,
-0.804652,
0.177761,
0.663906,
-0.51382,
0.282827,
-0.114845,
0.62801,
-0.124169,
-0.75859,
-0.19464,
0.638595,
0.415264,
0.69996,
-0.260486,
-0.784466,
0.171545,
-0.112424,
-0.426376,
0.101646,
0.331262,
0.699116,
0.672765,
-0.316288,
0.38612,
0.386882,
-0.413002,
-0.361694,
0.628184,
-1.30799,
-0.903943,
-0.499454,
-0.598973,
-0.428126,
0.196829,
0.723387,
0.313174,
-0.125084,
-0.308082,
0.417811,
-0.95623,
0.420133,
0.809769,
0.305038,
-0.963094,
-0.579147,
0.209703,
0.754664,
-0.827144,
-0.308622,
-1.10648,
-0.68796,
-0.67074,
-0.245555,
1.17386,
-0.073554,
0.231151,
-0.431486,
-0.109748,
-0.111207,
0.192287,
-1.0488,
0.581512,
0.763709,
0.0146658,
-0.102281,
-0.69298,
0.0204202,
0.382757,
-0.0761285,
0.540111,
0.10445,
-0.445472,
-0.242578,
-0.797871,
-0.964964,
-0.905074,
-0.592349,
-0.843267,
0.0840549,
0.281447,
0.207885,
0.0460493,
0.459586,
-1.26302,
0.511873,
0.427838,
0.814415,
-0.638854,
-0.709248,
0.650871,
0.782385,
0.0470836,
-0.569455,
0.606233,
-0.772693,
0.483941,
-0.797239,
-0.122531,
-0.196956,
-0.345139,
0.494885,
-0.421147,
-0.530259,
-0.176156,
-0.761581,
0.0740683,
-0.669045,
0.05231,
0.502697,
0.611222,
-0.0259449,
-0.263473,
0.494404,
0.686165,
-1.0846,
0.180981,
0.527717,
0.187722,
-0.733271,
-0.882262,
-1.0457,
-0.201865,
0.591845,
-1.02398,
-0.221616,
0.518234,
0.299065,
-1.04999,
-0.616545,
-0.318788,
0.528433,
-0.851078,
0.0589424,
-1.01438,
-0.56289,
-0.230499,
-0.812652,
0.0218516,
-0.99258,
-0.251636,
-0.0804736,
-1.07326,
0.828503,
0.696246,
-0.192204,
-0.412238,
0.527191,
-0.351115,
-0.832544,
0.199266,
0.257007,
0.348614,
-0.479649,
0.739857,
-0.602478,
0.449526,
-0.806496,
-0.792241,
-0.599387,
-0.238067,
-0.365171,
-0.772391,
-0.179915,
-0.752968,
0.499648,
-0.412673,
-1.15748,
0.568888,
-0.312933,
-0.578749,
-0.736443,
0.297225,
0.668104,
0.310476,
0.318222,
0.851203,
-0.121405,
0.739074,
-0.025346,
-0.674826,
0.551412,
-0.712216,
-0.372423,
0.499921,
0.243143,
0.0126193,
0.850618,
-1.20544,
0.630648,
-0.0942651,
-0.315507,
-0.412838,
-0.542202,
-0.015739,
0.0859457,
-0.233995,
-1.15232,
-0.638001,
0.114725,
-0.564992,
-0.932709,
-1.13184,
-0.398719,
-0.974864,
-0.996725,
0.801116,
-0.556254,
0.222833,
0.0693619,
-1.11067,
-0.718422,
0.634496,
0.363488,
-1.1154,
0.244494,
0.270585,
-0.956749,
-0.98576,
0.615865,
0.80076,
-0.354477,
-0.069388,
0.409976,
0.47233,
-0.816742,
0.269487,
-0.0502322,
-0.227243,
-0.561921,
0.594084,
-0.994021,
-0.0362873,
0.279619,
0.578448,
0.538658,
-0.719961,
0.0016884,
0.109616,
-0.37538,
0.0201857,
0.746128,
0.209299,
0.551592,
0.780493,
0.142088,
-1.13924,
-0.0174165,
0.484191,
-0.505677,
0.265807,
-0.124008,
-0.288657,
-1.00077,
0.0928407,
0.0473815,
-0.098942,
0.671924,
-0.585168,
-0.350273,
0.388985,
-0.348427,
-0.443023,
-0.0468314,
0.629722,
0.679381,
-0.585879,
-0.571459,
-0.383315,
0.787807,
-0.85209,
0.590833,
-0.6848,
0.650641,
0.152423,
-0.421804,
0.927835,
-0.200918,
0.582149,
-0.992287,
-0.394349,
0.0695992,
-0.531821,
0.0902673,
-0.733322,
-0.894266,
-0.341353,
-0.812422,
0.807999,
1.27997,
0.492813,
-0.877015,
0.104738,
0.852552,
0.263601,
0.553654,
-0.944096,
-0.5938,
-0.63283,
0.626108,
-0.549142,
0.859679,
0.104851,
0.0590683,
0.15801,
0.263367,
-0.179416,
-0.594475,
0.618937,
0.969726,
-1.02469,
0.4444,
-0.827341,
-0.47121,
-0.782988,
-0.0050482,
0.160887,
0.181231,
0.145926,
0.480182,
0.608133,
0.134042,
0.582254,
0.782903,
0.715823,
-1.09999,
-1.06764,
0.588053,
0.560825,
0.210328,
0.350401,
-0.00911577,
-0.02634,
-0.640452,
0.137864,
0.805644,
-0.650221,
0.52447,
0.77698,
-0.362436,
-0.152573,
0.296022,
0.483129,
0.526354,
0.623106,
-1.05227,
-0.85949,
-0.741559,
-0.783852,
-0.916245,
0.82877,
-0.364564,
0.366737,
-0.0618021,
-0.82907,
-0.781137,
0.289388,
0.611055,
-0.0175638,
-0.0288864,
-0.606209,
0.409955,
-0.340442,
-0.587776,
0.49579,
0.241912,
-0.750067,
0.498447,
-0.471832,
0.0227712,
-0.366496,
-0.767487,
0.319055,
-0.840063,
0.850795,
0.559657,
0.464801,
-0.771302,
-0.657791,
0.119132,
-0.819385,
0.00738602,
-0.463629,
0.687333,
0.505137,
0.350984,
0.14322,
-0.408256,
-0.907245,
0.262214,
0.575925,
-0.499267,
0.293572,
0.347772,
-0.428258,
0.764907,
0.166173,
-1.09711,
-0.164145,
-0.902078,
-0.519495,
-0.0542484,
0.507676,
-0.129629,
-0.820436,
0.18801,
-0.275502,
-1.04866,
-0.928879,
-1.01378,
0.0836803,
0.114483,
-0.67969,
0.547027,
-0.0901118,
-0.936963,
-1.06838,
0.234388,
-0.746905,
0.568295,
0.82111,
0.664197,
-1.09007,
-0.965334,
0.352671,
-0.730102,
-1.05348,
0.648213,
0.44786,
-0.179488,
-0.474582,
-0.508476,
0.125252,
0.528128,
-0.587183,
0.135751,
-0.0819123,
-0.0607202,
-0.487619,
-0.50959,
-0.342722,
-0.0743738,
-0.762444,
-0.411951,
-0.806579,
-0.322787,
-0.983161,
0.49942,
-0.665107,
-0.892739,
-1.08903,
0.309105,
0.44159,
0.189046,
0.811536,
0.508924,
0.569387,
-0.911648,
0.777142,
0.487787,
-0.395426,
-0.896716,
-1.05301,
0.277011,
0.10833,
0.582098,
0.922487,
-0.449433,
0.6504,
0.550773,
-1.081,
0.202298,
-1.07178,
0.0329513,
-1.00243,
-0.846477,
-0.437566,
0.50353,
-1.06112,
0.62405,
-0.724172,
-0.961979,
-0.45035,
-0.224492,
-0.615053,
0.634198,
-0.975655,
-0.266213,
-0.455154,
0.101027,
0.332057,
0.698595,
0.5572,
-0.111362,
-0.202166,
0.19654,
-0.275643,
-0.68753,
-0.743143,
0.394992,
0.285715,
-0.336938,
-0.704467,
0.832369,
-0.51428,
0.0395362,
-0.324153,
-0.744909,
-0.183175,
-0.776015,
-0.544168,
-0.738191,
-0.0088822,
0.337855,
-0.0571241,
-1.0374,
0.0575551,
-0.465692,
-0.478043,
0.690275,
-0.429083,
-0.708007,
-0.717708,
0.735612,
-1.05544,
-0.460209,
-0.488617,
-0.351066,
-0.895227,
0.383408,
-0.299267,
0.410199,
0.533535,
0.349106,
-0.691605,
-0.47354,
-0.202785,
-0.866902,
0.157816,
0.321428,
0.0686092,
-0.424751,
-0.5403,
-0.0783316,
0.661673,
0.41459,
-0.687384,
-1.10212,
-0.496596,
-0.143345,
0.163845,
-0.418994,
-0.526745,
0.182803,
-0.360762,
-0.48162,
-0.251273,
0.793621,
0.570571,
-0.0911196,
0.557865,
0.589232,
-0.403562,
0.307754,
0.106962,
-0.328631,
-0.616465,
0.440031,
0.0555193,
-0.716726,
-0.262571,
-0.416811,
-0.556501,
0.932926,
-0.993999,
0.721543,
0.145529,
0.801759,
-1.05025,
-0.0253509,
-0.160291,
0.153573,
-0.530022,
0.485891,
-0.967827,
0.898342,
-0.337498,
0.583834,
0.0959256,
-0.375113,
-1.00378,
-0.308993,
-0.285826,
0.556676,
0.368273,
-0.392583,
0.30575,
-0.219504,
0.732697,
-0.309533,
0.258028,
0.603321,
-0.272029,
-0.989485,
-0.305425,
0.504108,
-0.237453,
-0.405197,
-0.744544,
-0.485779,
0.638684,
-0.79364,
-0.316825,
0.387153,
-0.581559,
-0.55461,
-0.205646,
0.32428,
-0.0559928,
-0.208738,
0.679775,
0.380561,
-0.131729,
-0.184724,
-0.0808424,
0.328332,
0.0241042,
0.0724424,
-0.658589,
-0.687746,
0.759619,
0.347812,
-0.55914,
0.523353,
0.0522177,
-0.14535,
0.109088,
-0.357049,
0.720963,
0.54622,
0.267092,
0.467148,
-0.266212,
0.526409,
-0.992749,
0.866846,
0.451636,
-0.336466,
0.752035,
-0.898106,
0.514543,
-0.705043,
-0.59566,
-0.657543,
-0.830163,
-0.604306,
-0.120367,
-0.555777,
0.681342,
0.671436,
0.70433,
-0.121341,
-0.468643,
-0.160094,
0.0417623,
-0.192613,
-0.790602,
0.104124,
0.690123,
0.27409,
-0.144639,
-0.562834,
-0.830309,
0.39498,
0.903374,
-0.736707,
0.626318,
-0.265637,
-0.563641,
0.722854,
0.863829,
0.647987,
0.517532,
0.575861,
-0.00191046,
-0.543229,
-0.360723,
0.0699001,
-0.305644,
-0.696761,
-0.0684161,
-0.899246,
-0.469447,
0.444446,
0.0533977,
-0.892549,
-0.380902,
0.542957,
0.0749731,
0.605706,
-0.928906,
0.671377,
-1.03818,
0.0427681,
-0.180715,
0.792492,
0.588988,
0.663415,
0.609965,
-0.719739,
0.701893,
-0.879409,
-0.0789833,
-1.14517,
0.265182,
0.0802381,
0.203209,
0.738991,
0.48107,
0.0701063,
-0.340112,
0.157149,
0.216441,
-0.251481,
-0.83687,
-0.752868,
0.324624,
0.595979,
0.739758,
-0.397408,
-0.645126,
0.726527,
-0.981779,
-0.958303,
0.323182,
-0.912081,
-0.956105,
0.0134564,
-0.519584,
0.799672,
0.397752,
-0.183491,
-0.0652237,
-0.360362,
0.671943,
0.790312,
0.480985,
-0.727433,
-0.72131,
-0.853876,
-0.422753,
0.61402,
0.413419,
-0.838771,
-0.200224,
0.197573,
0.723277,
-0.533645,
0.547306,
0.519036,
-0.000597676,
-0.143477,
-0.180012,
0.726379,
0.165823,
-0.354506,
-0.281153,
0.400511,
0.500308,
-0.0855262,
0.549627,
0.292795,
0.616478,
0.129965,
-0.545526,
-0.511216,
-0.455266,
-0.588542,
-0.706745,
0.28817,
-0.91004,
1.02377,
0.300809,
-0.653412,
-0.680412,
-0.894658,
0.869656,
-0.346174,
0.326687,
0.183615,
0.475596,
-0.140187,
-0.453757,
0.315546,
-0.112291,
0.555134,
-0.492214,
-0.365728,
0.261315,
-0.171741,
-0.975451,
-0.069669,
-0.400378,
-1.06623,
0.875384,
-0.109877,
0.730782,
0.0618845,
0.641039,
-0.637067,
-0.350975,
-0.720424,
0.471156,
-0.983176,
-0.0986842,
-0.92057,
-0.512957,
0.304642,
0.175169,
-0.25026,
-0.939602,
-0.39519,
-0.474819,
-0.607985,
0.280221,
0.449374,
-0.512119,
-0.653896,
0.289877,
-0.316082,
-0.295891,
-0.174526,
0.525991,
-0.525402,
0.761203,
0.770384,
-0.379843,
-0.543874,
0.681067,
-0.786877,
-0.888544,
-0.631247,
0.416343,
-0.372783,
0.0672603,
-0.628117,
-1.11791,
0.168957,
0.712309,
-0.620695,
-0.336294,
-0.72404,
-0.50835,
0.24114,
0.767535,
-0.488687,
0.901372,
-0.0357347,
-0.710824,
-0.869707,
-0.455586,
0.832191,
-0.787482,
0.533805,
-0.424548,
-0.0249462,
0.611096,
-0.0144026,
0.834342,
0.129993,
0.312973,
-0.991654,
-0.86555,
0.372809,
-0.563233,
-0.230933,
-1.07896,
0.860351,
0.371228,
0.59344,
-0.00606488,
0.679446,
0.62872,
-0.21868,
0.093246,
0.147034,
0.110729,
0.854681,
-0.231113,
-0.582023,
0.723399,
0.322429,
0.179961,
-0.127541,
0.24283,
-0.905682,
0.717614,
0.298963,
0.486984,
-1.08417,
-0.736216,
0.182009,
-0.934605,
-0.457553,
0.151085,
-0.243146,
-0.537919,
0.0457606,
-0.820738,
-1.10609,
-0.791201,
0.425575,
-0.325813,
-0.923711,
0.641238,
0.462879,
-0.38671,
-0.10242,
-0.643355,
-0.687003,
0.128135,
0.213099,
0.806281,
0.466132,
-0.73173,
0.556168,
-0.809166,
-0.907416,
0.325678,
0.391081,
-0.429823,
0.799882,
-0.791164,
0.647437,
0.668841,
-0.657414,
0.671941,
0.523196,
0.160911,
-0.0712096,
-0.961236,
-0.993009,
0.109547,
-0.985329,
-0.29255,
0.149708,
-0.0883949,
-0.0971999,
0.658136,
0.149241,
-0.10173,
0.618219,
-0.478083,
0.533226,
0.711916,
0.000250548,
0.854586,
-0.458236,
0.958485,
0.0269798,
0.043245,
-0.659541,
0.462394,
-0.78813,
-0.505017,
0.22989,
1.027,
0.382842,
0.477894,
-1.00338,
-0.148982,
0.667191,
-0.728021,
-0.0777808,
-0.373488,
1.08484,
0.903249,
-0.098912,
-0.121981,
0.506913,
-0.776709,
-0.849333,
-0.660472,
1.1236,
-0.314744,
-0.0357868,
0.323063,
-0.769322,
0.507265,
0.232231,
-1.05565,
-1.07837,
-0.226959,
0.0270305,
0.882278,
-0.954891,
0.925544,
-0.608074,
-0.412926,
0.903933,
0.0197599,
0.804072,
-0.664668,
-0.841746,
-0.650028,
-0.257468,
0.891149,
-0.479433,
0.7778,
0.31334,
0.207321,
0.772727,
-0.320627,
0.461586,
-0.947656,
0.719773,
-0.0938441,
-0.743403,
-0.437166,
-0.335709,
-0.732037,
0.67502,
-0.0665812,
-0.882743,
0.0548374,
-0.714026,
-0.20868,
-0.0888194,
-0.202799,
-0.184063,
-0.0244086,
-0.517918,
-0.477265,
0.769365,
-0.806462,
-0.426726,
-0.488056,
-0.913221,
-0.684085,
0.650604,
0.0129249,
-0.926616,
0.494906,
-0.45469,
0.129877,
0.677019,
0.214267,
0.404293,
-0.674143,
-0.263371,
-0.352092,
-0.613084,
-0.476259,
0.352048,
0.648304,
-0.826761,
0.747289,
0.103872,
-0.685088,
-0.159666,
0.353517,
-0.742041,
0.412081,
0.205858,
-0.804926,
-0.142282,
0.564578,
0.520953,
0.798608,
-0.436374,
0.371822,
0.111615,
0.0543662,
0.236063,
-0.193789,
0.333227,
-0.626853,
-0.262567,
0.0211363,
-0.447172,
-0.486561,
-0.0773799,
0.186043,
-0.816942,
0.531367,
0.693598,
-0.527341,
-0.0614835,
0.678004,
0.855472,
-0.978675,
-0.337017,
0.538595,
-0.913645,
-0.138229,
0.159481,
0.770671,
-0.412334,
0.218111,
0.730732,
0.553069,
-0.0214528,
0.346438,
-0.606854,
-0.400979,
-0.742631,
0.849021,
0.946342,
-0.104759,
-0.155266,
-0.797474,
-0.220079,
0.717592,
-0.195558,
-0.014169,
0.503845,
-0.33709,
-0.51171,
1.03705,
0.846708,
-0.88363,
0.953628,
0.847459,
0.528882,
-0.399749,
-0.686393,
0.104808,
-0.99893,
-0.624138,
0.775999,
-0.771075,
0.378187,
0.557198,
-0.167933,
0.66215,
0.448911,
-0.75613,
0.907833,
0.279254,
-0.217558,
-0.551127,
-1.10531,
-1.09014,
-0.210578,
0.629784,
-0.546927,
-0.364428,
-1.07361,
-0.956561,
-0.922207,
0.843862,
0.000735503,
-0.645519,
-1.00958,
0.350685,
0.216053,
0.29754,
-0.40835,
-0.23217,
-0.79899,
-0.639961,
0.845974,
0.883653,
-0.499299,
0.463872,
0.121651,
-0.996725,
0.45975,
0.425173,
0.289109,
0.469404,
0.24389,
0.575596,
0.14477,
-0.816024,
0.262105,
0.538583,
-0.784821,
0.258215,
-0.095727,
0.182766,
0.374591,
0.0340277,
0.477569,
0.720604,
0.338074,
-0.648449,
-0.80903,
0.41685,
0.108563,
0.0800806,
-0.87953,
0.529255,
0.736368,
-0.743764,
0.326576,
0.0191272,
0.695767,
-0.935807,
-0.750064,
-0.295733,
-0.00756958,
0.361532,
-0.374445,
0.674605,
0.970278,
0.576713,
0.863733,
0.696842,
-0.183176,
0.0617278,
-0.387704,
0.219874,
0.303365,
0.677171,
0.140193,
-0.473062,
0.207952,
0.00668495,
-0.106079,
0.131936,
0.603213,
-0.0901884,
-0.758671,
0.595629,
-0.123897,
0.517772,
0.317164,
0.545961,
0.716535,
0.171078,
-0.205455,
-0.536246,
-1.05943,
0.103634,
-1.08776,
0.6409,
0.881712,
0.411482,
0.791487,
-0.387989,
0.669099,
-0.909146,
-0.627757,
-0.726942,
0.323163,
-0.475513,
0.0902457,
0.102556,
-0.126537,
-0.883561,
-0.210338,
1.04995,
0.0787926,
0.00770991,
0.581197,
0.444333,
0.0317983,
-1.42892,
-0.506172,
0.441348,
0.652855,
-0.810383,
-0.345884,
-0.945296,
0.201886,
0.510132,
1.00762,
-0.562993,
-0.558134,
0.61359,
0.619319,
-0.474353,
-0.225011,
0.24062,
0.558091,
0.247929,
-0.630276,
-0.342267,
0.381827,
-0.0821303,
0.442954,
0.518935,
0.226905,
-0.598504,
0.813401,
-0.388222,
0.0732405,
0.541748,
0.0709303,
-0.0902279,
-0.48863,
-0.20575,
-0.0746202,
0.248313,
0.318002,
-0.140648,
-0.298753,
0.0510519,
-0.309546,
0.055807,
0.0723054,
-1.05487,
0.676664,
-0.94831,
-0.0111775,
0.676141,
-0.740382,
0.208138,
-1.03257,
-0.556759,
-0.255273,
-0.698013,
-0.0027723,
0.208002,
0.789383,
0.0547668,
-0.974952,
-0.30732,
-0.447313,
-1.08676,
-0.638676,
0.755188,
-1.1154,
0.0140943,
0.186809,
-0.142524,
-0.189641,
0.721121,
0.0429185,
0.740835,
-0.988091,
-0.159183,
0.0661294,
-1.08286,
-0.307267,
-1.19182,
-0.629344,
0.138675,
-0.806015,
-0.770692,
0.00713678,
-0.15176,
0.424073,
0.422718,
-0.00224805,
-0.957354,
0.81253,
0.217879,
0.104723,
-0.261864,
-0.512769,
-0.298901,
0.139764,
-0.894539,
-0.697909,
0.619645,
0.640466,
-1.14537,
-1.07864,
-1.19788,
0.127402,
0.654186,
-0.00767518,
-0.478322,
-0.798822,
0.202505,
0.236319,
0.650753,
0.776538,
0.421857,
0.128087,
-0.914068,
-0.417117,
0.829727,
0.078533,
0.513235,
-0.143213,
0.646202,
0.0750988,
0.163313,
-0.700145,
0.263446,
-0.558665,
0.320723,
0.203619,
-0.898241,
0.0778644,
-0.24232,
-0.696975,
0.0975763,
-0.292827,
0.0587781,
-1.06821,
0.788747,
0.188005,
0.164732,
-1.12139,
-1.06694,
-0.0200356,
0.0822934,
0.0357327,
-0.846022,
-0.657651,
-0.418801,
0.717807,
0.767632,
0.301357,
-1.05091,
-0.634493,
0.453933,
0.810701,
-0.656969,
-0.144377,
-0.624747,
-1.01906,
0.112996,
0.280528,
-0.0104495,
0.318155,
-0.0144513,
0.365635,
0.274234,
0.288284,
0.535937,
0.37418,
-0.629312,
-0.0923169,
-0.819618,
0.764525,
0.620087,
-0.0986867,
-0.361682,
-0.737612,
0.0239365,
0.0553682,
0.315089,
-0.8955,
-0.363837,
0.5435,
-0.0583836,
0.560297,
0.148903,
-1.03189,
-0.672463,
-0.38012,
-0.164184,
-0.18921,
0.163917,
0.910936,
-0.406995,
-0.627795,
0.970324,
0.438784,
-0.113025,
0.357344,
-0.922157,
-0.417451,
0.743777,
0.398978,
0.677354,
0.719771,
-0.732153,
0.408602,
0.184698,
-1.08086,
0.682112,
-0.898508,
0.534184,
0.671395,
0.430874,
0.406976,
0.269159,
0.436329,
-0.550849,
0.121966,
1.31288,
-0.328468,
-0.308334,
1.02304,
0.206841,
0.953315,
0.0451414,
0.114878,
0.0375925,
0.184868,
0.469579,
-0.0712341,
-0.576373,
-0.244845,
0.292639,
0.138425,
-0.0645925,
-0.612782,
0.540946,
0.360081,
-0.0544643,
-0.52815,
-0.746133,
-0.843415,
0.502523,
0.893518,
-0.819112,
0.20903,
-0.870828,
-0.924808,
-0.633517,
-0.196166,
0.412388,
-1.18898,
-0.731007,
-0.564696,
0.659502,
-0.486616,
0.634304,
0.759382,
-0.252275,
-0.131361,
0.543117,
-0.122596,
0.0390196,
-0.758604,
-0.64828,
-0.497961,
-0.191378,
-0.638541,
-0.751218,
-0.979661,
0.464819,
-0.00463608,
0.438122,
-0.09646,
-0.779611,
0.685963,
-0.925266,
0.413366,
-0.143405,
0.162734,
-0.0683155,
-0.12163,
0.849414,
0.403189,
-0.363828,
-0.473632,
-0.109329,
0.501285,
-0.601754,
0.656508,
0.627083,
-0.624688,
0.576764,
0.100703,
0.854906,
-0.282786,
-0.437618,
0.40491,
-0.86226,
-0.625933,
-0.546644,
0.326772,
0.498304,
-0.0273854,
0.513613,
0.640837,
-0.224944,
0.487577,
-0.362544,
0.715938,
-0.612715,
-0.270404,
0.0772394,
-0.775325,
-0.939707,
-0.0850022,
0.366512,
-1.09652,
-0.706242,
0.698191,
-0.642745,
0.805651,
-0.933207,
-0.235087,
-0.21059,
0.847271,
-0.126433,
-1.12185,
-0.479919,
0.883875,
0.346,
0.396312,
0.799701,
0.754233,
-0.801693,
-0.933761,
-0.0373676,
0.743585,
0.204154,
-0.406392,
-0.104406,
-0.608223,
-0.608327,
-0.905931,
0.0622924,
0.622566,
-0.683755,
0.657743,
0.192699,
0.421128,
0.045583,
0.463993,
0.07407,
-0.419912,
-0.778783,
-0.66687,
0.475916,
-1.08427,
-0.207555,
-0.105593,
-0.185587,
0.208995,
-0.459164,
-0.896695,
-0.783201,
0.290559,
-0.493464,
0.816896,
-0.0542125,
-0.643106,
-0.543716,
0.541561,
-0.753117,
0.306811,
0.400653,
-0.69286,
-0.98959,
0.535687,
0.0806907,
-0.865465,
-0.453957,
0.432356,
0.649815,
-0.567728,
0.404763,
-0.38366,
0.541966,
-0.882225,
-0.739555,
-0.706841,
0.244911,
0.0469672,
-0.638346,
-0.496484,
-0.0781092,
-0.760357,
0.879002,
-0.3577,
0.13713,
-0.168885,
-0.276475,
0.352502,
-0.826755,
0.0666884,
-0.690984,
0.793713,
0.54843,
-1.15113,
-0.311046,
0.942826,
-0.000454794,
-0.155466,
0.265695,
-0.388328,
0.717764,
-0.60249,
-0.777708,
0.830871,
0.798987,
-0.333767,
0.524755,
-0.440415,
0.468203,
0.487073,
0.77462,
-0.461685,
-0.572881,
0.706124,
-0.52673,
-1.13558,
-0.320992,
-1.02726,
0.710022,
-0.123225,
0.848684,
-0.162758,
0.198957,
-0.581866,
-0.216377,
-0.18041,
0.735801,
-0.559854,
-0.397797,
0.364666,
0.45825,
-0.912099,
0.84586,
-0.504057,
-0.492874,
-0.330109,
-0.40187,
-0.66053,
-0.224086,
0.666814,
0.440161,
0.353693,
-0.110857,
-0.610971,
-0.983409,
0.582436,
0.00727627,
0.468256,
0.129898,
-0.293132,
-1.09015,
0.205077,
-0.0711285,
-0.50758,
0.121671,
-0.778865,
-0.369377,
0.118247,
-0.919201,
0.256711,
-1.113,
0.287547,
-0.719843,
-0.23628,
-0.0827175,
-1.05344,
-0.929006,
0.262774,
0.354608,
-0.106956,
0.725374,
0.478994,
0.242981,
0.247938,
-0.249691,
0.33749,
-0.22381,
-0.481241,
-0.836721,
0.664796,
0.208562,
0.480177,
0.829106,
0.179363,
0.0580086,
0.207511,
0.247914,
-0.801421,
-0.0113974,
0.737897,
-0.0651884,
-0.0783598,
0.0622443,
0.549601,
-0.460772,
0.922149,
0.155532,
-0.319132,
-0.387741,
-0.667239,
0.325766,
0.713583,
0.698197,
0.171169,
0.246976,
-0.171213,
0.4654,
-0.445115,
-0.895904,
-0.339118,
0.294418,
0.531225,
-0.510443,
-0.583358,
0.113194,
0.191785,
0.0400677,
0.896084,
0.915291,
0.322088,
0.201579,
0.670402,
0.986318,
0.384554,
0.497249,
0.0425988,
0.306504,
0.605084,
0.359001,
-0.198438,
-0.787815,
-0.909273,
0.597347,
0.796151,
0.339675,
-0.788447,
-0.0810493,
0.828767,
0.494171,
0.107139,
0.766075,
-0.977144,
0.174519,
-0.3079,
-0.365362,
0.675784,
0.740925,
-0.106171,
-0.113536,
0.824165,
-0.964471,
-0.245088,
-0.575902,
-0.681807,
-0.0479064,
-0.302318,
-0.228997,
0.469512,
0.235553,
-0.403566,
-0.729846,
0.442999,
-1.00371,
0.65096,
0.389283,
-0.142154,
0.601496,
0.0276478,
-0.324189,
1.04135,
0.333664,
0.593877,
-0.614802,
0.359398,
-0.93896,
-0.904523,
-0.221263,
-0.124332,
0.996445,
-1.13987,
0.253604,
-0.762865,
-1.11734,
0.38959,
0.0339627,
0.183831,
1.11667,
-1.04031,
0.522948,
0.594697,
-0.47469,
0.895956,
0.742912,
0.443698,
0.102377,
0.434283,
-0.311927,
0.11945,
-0.00368252,
0.21948,
-1.03904,
-0.887339,
-0.920479,
0.587969,
-0.860002,
-0.366518,
0.944951,
-0.782582,
-0.887444,
-0.804041,
-0.70012,
0.673618,
-0.603685,
-0.0647192,
0.0343872,
0.722776,
-0.553064,
0.473526,
0.602034,
-0.821032,
-0.470345,
-1.30755,
0.624776,
0.969912,
-0.534191,
-0.00985175,
-0.371729,
-0.222959,
-0.375017,
-0.657919,
-0.520003,
-0.000920874,
0.740091,
0.905626,
-0.291598,
-0.747795,
0.335723,
0.424852,
0.220414,
-0.831058,
0.336393,
0.895646,
0.0279498,
-0.814623,
0.29507,
0.958747,
-0.422004,
-0.923755,
0.723837,
-0.0738541,
0.624016,
0.793038,
0.751723,
0.289917,
0.608534,
-0.19707,
-0.143132,
-0.798729,
0.0775808,
0.182959,
-1.06751,
0.341378,
-0.77234,
-0.883019,
-0.859243,
0.153393,
-0.440919,
0.201317,
0.44205,
-0.53769,
0.153731,
-1.08091,
0.0639396,
0.806785,
-0.734504,
-0.68959,
0.253565,
0.552685,
-0.925056,
-0.282297,
-0.844227,
-0.570112,
-0.799931,
-1.02783,
0.588681,
-0.550284,
-0.267012,
0.760635,
-0.00220385,
0.555763,
-0.831364,
-0.855754,
0.586192,
-0.292462,
0.0786824,
-1.08022,
-0.242676,
-0.82054,
0.061509,
-0.954753,
-0.513273,
0.131499,
-0.18693,
0.361342,
-0.0297293,
-0.287348,
0.803382,
0.779732,
0.0752294,
-0.859026,
-0.542588,
-0.0604921,
0.356541,
-0.533499,
0.693891,
-0.116368,
0.63495,
-1.10189,
0.398519,
-0.807286,
0.585698,
0.657909,
-0.134226,
-0.759255,
-1.02167,
-0.0111117,
-0.434431,
-0.121836,
0.632957,
-0.896939,
0.807557,
0.66514,
0.763606,
0.0138133,
0.507644,
0.172693,
0.19567,
0.415467,
-0.652422,
0.289044,
0.563434,
-0.135611,
-0.503068,
0.17878,
-0.764529,
-0.863487,
0.548345,
0.437776,
0.0410483,
-0.58117,
-1.13724,
-0.0364802,
-0.404976,
-0.872893,
-0.411119,
-0.371655,
-0.129208,
0.112831,
0.136897,
-0.0357986,
-0.13855,
0.0648304,
-0.645205,
0.105243,
0.0504595,
0.623145,
-0.827233,
0.21191,
0.389072,
-0.927009,
-0.529814,
-0.798721,
-0.910602,
0.64637,
-0.471101,
-0.781387,
0.544363,
-0.232303,
0.379474,
-0.64724,
-1.03688,
-0.553936,
-0.194874,
-0.801462,
0.0693521,
-0.234011,
0.40831,
0.704147,
-0.156416,
-0.65761,
-0.060975,
-0.000931721,
-0.550709,
0.752501,
0.620012,
-0.165652,
-0.645206,
-0.762257,
0.0553361,
0.567566,
-1.07909,
-0.0980769,
-0.210933,
-1.01568,
0.351904,
-0.396122,
-1.06677,
-0.693388,
0.553971,
-0.12716,
-0.953872,
1.01239,
-0.497672,
1.00898,
0.588769,
-0.900126,
0.869526,
0.803403,
0.28289,
0.0833281,
-0.538029,
0.189211,
-0.137119,
1.05774,
-0.367441,
0.934144,
-0.228673,
-0.808358,
-0.00284749,
0.822751,
-0.80844,
0.201343,
0.116598,
-0.649412,
-0.197724,
0.979576,
0.0598381,
0.55987,
-0.97084,
-0.382974,
0.0593715,
-0.0320769,
-0.813418,
-0.80154,
0.469739,
-0.644753,
0.409003,
0.431918,
0.155101,
-0.203608,
0.854898,
-0.516689,
-0.303074,
0.704426,
0.692443,
0.577055,
-0.431833,
0.150503,
0.759301,
0.103868,
-0.665663,
0.449065,
0.0974428,
-0.104174,
-0.142046,
-0.43306,
-0.885046,
-0.835968,
-1.0707,
-0.398684,
-0.465983,
-0.435725,
0.447693,
-0.767558,
0.354465,
-0.0992723,
-0.0497341,
1.29024,
-0.903056,
-0.600712,
-0.839911,
0.635995,
0.00270312,
0.113348,
0.866006,
0.278107,
0.0935154,
-0.0747421,
0.285129,
-0.504062,
-0.541582,
0.274001,
-0.173626,
0.225824,
0.183079,
0.622431,
0.167272,
-0.234976,
0.96983,
0.624893,
-0.870118,
-0.00403008,
-1.15782,
-0.828512,
0.0544015,
-0.372612,
0.995809,
-0.51819,
0.334253,
-0.539706,
-0.585475,
-0.715823,
1.5917,
-0.481265,
0.548307,
-0.780483,
0.345775,
-0.0504867,
-0.654338,
0.0356535,
0.365207,
0.28166,
-0.773722,
-0.752893,
0.738493,
-0.880693,
0.252254,
0.844345,
-0.516943,
-0.432256,
-0.223831,
0.209282,
-1.00588,
0.307315,
-0.175836,
-0.414684,
0.0278603,
-0.0333396,
0.283259,
-1.00002,
0.097459,
0.172473,
0.199557,
0.720666,
0.529544,
0.754242,
0.16558,
-0.50134,
-0.122263,
-0.821594,
0.82118,
-0.1539,
0.112726,
0.58565,
-0.639909,
-0.116892,
-1.02519,
-0.212414,
-0.065565,
0.302882,
-0.232995,
0.684733,
-0.378546,
0.62138,
0.368311,
-0.994744,
0.401385,
-0.646324,
-0.560705,
0.674937,
-0.484306,
-0.882131,
-1.04567,
-1.08669,
0.140172,
-0.604878,
0.621567,
0.410656,
-0.681901,
0.62103,
0.902706,
-0.496162,
-1.0921,
0.362897,
0.590374,
-1.01786,
0.388853,
0.647749,
0.405316,
0.101499,
-0.839441,
-1.1469,
0.836064,
0.546684,
-0.608624,
-1.14727,
-0.733413,
0.0174883,
-0.823318,
0.11276,
0.163533,
-0.564954,
0.683272,
0.0513525,
-0.767204,
-0.160359,
0.140609,
0.97463,
0.643481,
-0.486001,
0.732595,
-0.627329,
1.20454,
-0.171762,
0.18219,
-0.27845,
-0.419555,
-0.0578039,
0.218465,
-0.196226,
-0.0131421,
0.503193,
-0.585087,
-0.387439,
0.432197,
0.0141436,
-0.140222,
-0.957565,
0.288801,
-0.876758,
0.269161,
-0.127181,
-0.31457,
0.300316,
0.987419,
-0.683512,
-0.197833,
-0.790494,
-0.557088,
0.744313,
0.622537,
-0.282249,
0.383559,
-0.790175,
-0.627114,
-0.795082,
0.517247,
0.306401,
-0.6769,
0.0556233,
-0.677039,
0.5696,
-0.623437,
0.996004,
0.548716,
0.0049228,
-0.417403,
-0.964164,
0.503855,
-1.01137,
-0.316773,
-0.84626,
-0.763927,
-0.15768,
-1.03834,
-0.915986,
-0.329989,
0.552459,
-0.710779,
-0.649933,
0.43707,
0.0330643,
-0.232821,
-0.567625,
0.359511,
0.914494,
-0.0530566,
-0.506356,
-0.608337,
-1.10781,
0.664745,
-0.4548,
0.0280395,
0.6296,
0.487956,
-0.290798,
0.181563,
-0.316363,
0.749396,
0.051222,
0.773695,
-0.666452,
-0.0978573,
0.135769,
0.188184,
0.895319,
0.6615,
-0.453934,
-0.278632,
0.713815,
0.738393,
-0.87557,
-0.593452,
0.108011,
1.04165,
0.262406,
1.51024,
-0.675529,
0.118217,
-0.0334165,
0.535398,
0.274929,
-0.861222,
0.764484,
-0.283484,
0.0496756,
-0.0721701,
-0.603785,
-0.978142,
1.1442,
-0.909431,
-0.597273,
0.0691431,
-0.154805,
-0.695715,
-0.591145,
0.453648,
-0.809035,
0.272292,
-0.714577,
0.131837,
-0.282361,
0.300573,
-0.0719944,
0.759251,
-0.445306,
0.562102,
0.646581,
0.538765,
0.144334,
-0.631571,
0.511581,
-0.393772,
0.18087,
-0.446708,
-0.995762,
0.7423,
-0.781175,
0.654367,
0.227644,
0.221967,
-0.251405,
-0.893558,
0.0528673,
-0.183755,
-0.218667,
-0.140403,
0.129782,
-0.731128,
-0.392957,
0.517899,
-0.92275,
0.651673,
-0.582903,
0.969736,
-0.761298,
0.894946,
0.601217,
0.51169,
-0.613037,
-0.958619,
0.923049,
0.522824,
-0.648742,
-0.854098,
-0.145669,
-0.485679,
0.251804,
0.368559,
0.708965,
-0.00660769,
0.910819,
-0.977759,
-0.0947089,
-0.342595,
-0.760025,
0.645994,
0.600798,
0.554634,
0.292432,
-1.02879,
0.798391,
0.654993,
-0.592788,
-0.967236,
0.0481211,
0.800854,
-0.0504479,
0.126796,
0.631334,
0.473953,
0.612302,
-0.719709,
-0.607826,
0.39057,
0.0803784,
-0.590068,
0.256418,
0.582885,
-0.617386,
0.45631,
0.694514,
0.682737,
0.0853096,
-0.033243,
0.984661,
0.814534,
0.934451,
0.217358,
-0.143812,
0.521278,
0.213174,
0.41692,
0.615666,
0.627799,
-0.656691,
-0.608853,
0.1312,
0.794734,
0.668275,
-0.952316,
-1.11475,
-0.661041,
0.559377,
-0.5762,
0.0325846,
-0.521705,
0.827005,
-0.979243,
-0.198594,
-0.60385,
0.0787943,
0.383182,
-0.794456,
0.794343,
0.763549,
0.0890837,
-1.01832,
-0.817167,
-0.834789,
-0.101682,
-0.738734,
-0.658187,
0.397676,
-0.395814,
0.218211,
0.69718,
-0.921688,
-0.396197,
0.146342,
-0.312145,
0.346263,
-0.698385,
0.541018,
-0.980898,
-0.290369,
0.295148,
0.662805,
0.0837954,
0.715897,
0.14837,
-0.919251,
0.35192,
-0.20108,
-1.06263,
-1.00165,
-0.0934556,
0.656729,
-0.198956,
0.856521,
0.190247,
0.844657,
0.351799,
0.319378,
-0.73958,
0.392976,
0.594171,
0.185689,
-0.362846,
-0.768685,
0.903038,
-0.418048,
-0.0988269,
0.367333,
0.748823,
-0.876641,
0.233911,
-1.01955,
0.115679,
-0.5164,
-0.551815,
-0.11414,
0.780673,
0.721067,
0.53367,
0.351445,
-0.349167,
-0.0342638,
-0.561893,
-0.736726,
0.0755149,
0.751801,
-0.277314,
0.87656,
-0.760039,
0.673918,
-0.714183,
-1.05146,
-0.806475,
-1.11573,
0.62002,
0.518833,
-0.86401,
0.630539,
-0.755438,
-0.479467,
-1.07621,
-0.545317,
-0.105488,
-0.593201,
-0.0874569,
-0.282086,
0.622999,
-0.335952,
-1.17241,
-1.00854,
-0.777081,
-0.505191,
-0.833956,
0.809356,
-0.0978892,
-0.939021,
-0.425124,
0.333893,
-0.14642,
0.402042,
-1.00077,
0.711949,
0.243552,
0.273151,
-0.295345,
0.651168,
-0.58489,
0.0130454,
-0.41867,
0.231141,
-0.929077,
0.128756,
-0.151853,
-1.11985,
-0.230378,
0.470914,
-0.10702,
-0.700194,
0.322164,
-1.00562,
0.564127,
0.0784348,
0.563518,
-0.374281,
-0.893843,
0.595089,
-0.690058,
-0.185781,
-0.651926,
-0.0515913,
-0.0196843,
-0.770376,
-0.692965,
-0.0860068,
0.388354,
-0.460233,
0.12915,
-0.644674,
0.43247,
-0.779508,
0.609987,
0.26213,
0.460252,
-0.21357,
-0.653866,
-0.122771,
0.172426,
-0.0600169,
-0.750586,
-0.923886,
0.514896,
0.000272518,
0.251074,
-0.129164,
-0.734269,
-0.824982,
0.20166,
0.00967281,
-0.400352,
0.878126,
0.593439,
-0.881696,
-0.67111,
-0.579629,
-0.678411,
0.525041,
-0.17052,
-0.0157397,
0.771436,
-0.929002,
0.591147,
-0.0386023,
-0.764614,
-0.257815,
0.124155,
-0.788164,
-0.164152,
-0.689696,
0.00085941,
-0.0323334,
0.343139,
0.552043,
0.74463,
-0.0550913,
-0.187359,
0.132679,
0.363717,
-0.902742,
0.286334,
-0.393981,
-0.0116121,
0.428169,
-0.950104,
0.776758,
-0.0211977,
0.494773,
0.124148,
-0.675655,
-0.294013,
-1.04111,
-0.17881,
-0.734733,
-0.872808,
-0.27239,
-0.240579,
0.001694,
-0.914333,
-0.307594,
0.368155,
0.404311,
0.939014,
0.16422,
0.413044,
0.405982,
0.143912,
0.360476,
-0.48017,
-0.393259,
0.478167,
-0.0588777,
0.676852,
0.298391,
-0.265616,
-0.421166,
0.533159,
-0.858651,
-1.00111,
0.744416,
-0.0755275,
-0.574971,
0.571177,
-0.115133,
1.0848,
-0.0771748,
-0.0732677,
0.920134,
-0.0109305,
0.0536909,
-0.0329242,
-1.20444,
-0.849064,
0.388189,
-0.968074,
-0.79462,
1.07833,
-0.283151,
-0.205333,
0.586281,
-0.914512,
0.441026,
0.255978,
0.22392,
-1.14454,
-0.182324,
1.06516,
0.557929,
0.344378,
-0.174537,
0.432836,
-0.864942,
-0.438883,
0.613611,
0.128253,
0.0895165,
-1.00045,
0.831467,
-0.455877,
-0.75693,
0.500066,
0.589575,
0.302936,
-0.218187,
0.252531,
0.601109,
0.55662,
-0.90775,
-0.0254003,
1.11867,
-0.184317,
-0.936991,
-0.113333,
0.371219,
0.829755,
-0.284311,
-0.841621,
0.663486,
0.598321,
-0.561077,
0.3311,
-0.357516,
-0.306687,
0.150416,
-0.424643,
-0.697601,
0.739208,
-0.177154,
-1.18467,
-0.494384,
-0.53209,
-0.0749652,
-0.238841,
-0.135503,
0.408652,
0.223462,
-0.60364,
0.253617,
0.464309,
-0.726051,
0.167678,
0.662034,
0.424855,
0.381742,
0.113628,
-0.330419,
-1.06717,
-0.0950746,
-0.410464,
0.14679,
-1.1682,
-0.937506,
-0.110855,
0.209509,
0.228353,
0.528739,
0.552428,
0.446253,
-0.879595,
0.217275,
-0.881604,
0.231546,
0.547506,
0.683621,
0.2248,
-0.89344,
-0.64627,
0.734663,
-0.124626,
-1.01883,
0.585268,
-0.771136,
-0.196198,
-0.18077,
-0.753533,
0.00262092,
0.547013,
-0.359504,
-0.427048,
-0.687474,
0.0963393,
-0.0288067,
-0.79224,
-0.957332,
0.797715,
-0.622346,
0.211827,
-0.536313,
-0.848136,
0.654398,
-0.443063,
0.211626,
0.196898,
-0.26961,
0.0982712,
0.319282,
-0.502609,
0.429722,
-0.262109,
-0.273597,
-0.580774,
0.11838,
0.291189,
-0.590746,
-0.227958,
-0.953166,
0.26256,
0.678628,
-0.0840009,
0.255008,
-0.198423,
0.62876,
0.67888,
-0.455288,
-0.497079,
0.382777,
0.489547,
-0.347176,
-0.0866479,
0.192731,
0.689018,
-1.09662,
-0.9356,
0.417483,
0.285481,
-1.2453,
0.384564,
-0.837816,
0.636437,
0.477082,
-0.828405,
0.416799,
-0.930142,
-1.14221,
-0.90728,
-0.0237362,
-1.10449,
-0.278195,
-0.661168,
-0.920306,
-0.826059,
0.230081,
-0.91856,
0.31162,
0.471476,
0.4432,
0.227276,
0.33536,
-0.734166,
-1.24755,
-0.40119,
0.467197,
0.0241798,
-0.711191,
-0.985853,
-0.537874,
0.605342,
-0.000346953,
-0.176855,
0.387776,
0.633617,
0.257359,
-0.196311,
-0.257374,
0.636657,
-0.905756,
-0.37817,
0.874382,
0.354062,
0.446453,
-0.0541606,
-0.635644,
-0.314381,
-0.010946,
0.0884004,
0.326545,
-0.655948,
-0.74086,
-0.840382,
-0.194905,
-0.276851,
0.461423,
-1.09949,
-0.844044,
-0.418686,
-0.166684,
0.67973,
-0.894216,
-0.186741,
0.226848,
-0.00391696,
1.0609,
0.0363461,
-0.669572,
0.175022,
0.449831,
0.378431,
0.167409,
-1.01105,
-0.882286,
-0.955189,
-0.199157,
-0.92061,
0.263451,
-0.779571,
0.0185539,
0.185452,
-0.903351,
0.705321,
-0.205552,
0.705799,
0.0348024,
-1.02009,
1.03417,
0.336372,
-0.666534,
0.907376,
0.154449,
0.138665,
-0.914872,
-0.1434,
0.144892,
-0.497082,
-0.154937,
0.56761,
-0.169847,
0.807276,
0.74152,
0.624886,
-0.982725,
-0.0768813,
0.128792,
0.150261,
0.0299978,
-0.651501,
-0.816274,
0.451892,
-0.883015,
-0.156975,
-0.77094,
-0.523972,
0.689673,
-0.531656,
0.0867609,
-0.318366,
-0.227169,
0.282482,
-0.87513,
-0.769303,
0.623885,
-0.306026,
-0.976962,
0.115703,
-0.457644,
0.524602,
0.179311,
-0.231123,
-1.27739,
-0.268991,
0.843947,
0.339958,
0.597186,
0.40643,
-1.02875,
0.507567,
0.485846,
-0.650299,
0.365746,
0.207642,
0.564346,
-0.099578,
-0.0832752,
0.651902,
-0.533712,
0.196221,
1.03816,
-1.0132,
-0.481779,
-1.4045,
0.489382,
0.365798,
0.947796,
-0.89706,
0.726473,
-0.57569,
-0.549081,
0.715288,
-0.557956,
-0.42896,
0.0466873,
-0.257383,
-0.317899,
0.571653,
0.756506,
-1.09864,
0.0163435,
-0.161276,
0.47513,
-1.12735,
-0.455555,
-0.0211119,
1.36999,
-0.101162,
-0.381865,
0.615822,
-0.114426,
0.748404,
0.264345,
0.460542,
0.384241,
1.00818,
-0.348575,
0.162024,
-0.358914,
0.701271,
0.272696,
0.842981,
0.134386,
-0.886688,
0.521317,
-0.409591,
-1.05544,
0.712445,
-0.623053,
0.19281,
-0.925068,
-0.273554,
-0.0429168,
-0.248726,
0.680929,
0.806012,
-1.0102,
-0.327568,
0.239605,
0.474486,
-0.154111,
-0.424461,
0.404453,
0.504784,
-0.140111,
-0.364488,
-0.898547,
-0.194534,
-0.336627,
-0.639399,
0.814703,
-0.122044,
-0.751822,
0.189656,
0.0490234,
-0.285668,
-1.02751,
0.637918,
0.721696,
-0.86106,
-1.04522,
-0.351138,
0.734798,
-1.01957,
0.0358247,
-0.273585,
-0.946467,
0.100114,
0.30385,
-0.314487,
0.393886,
-0.429157,
-0.202082,
-0.839515,
0.330705,
-0.185164,
-0.234042,
-0.304658,
-0.26816,
-0.495787,
-0.225113,
0.708947,
-0.502248,
-0.347422,
-0.401432,
-1.20516,
-0.313696,
-1.30596,
-0.472172,
0.0463833,
-0.635181,
0.14143,
0.889553,
-0.969629,
0.459498,
0.416692,
0.396016,
0.553994,
0.146355,
-0.701852,
0.846954,
1.055,
0.431571,
-0.156642,
-0.0665745,
0.813065,
0.489435,
-0.665142,
-0.292032,
-0.480018,
0.182302,
-0.0562102,
-0.0631601,
-0.0176927,
0.240612,
-0.366123,
-0.0831004,
0.00556529,
-1.08082,
0.477127,
-0.322,
0.0638986,
0.110449,
-0.450581,
0.581988,
-0.261621,
-0.231669,
0.568284,
0.232515,
0.177947,
-0.575348,
-0.80014,
-0.656355,
-0.192716,
0.527903,
0.438468,
-0.588905,
0.66434,
-0.551201,
-0.54756,
-0.52724,
-0.355429,
-0.414489,
-0.585616,
-0.66878,
0.661857,
0.779396,
0.570404,
0.58146,
-0.273726,
0.889415,
-0.895074,
-0.7229,
0.441751,
-0.799656,
-0.820079,
0.827586,
-0.649447,
0.0250957,
0.41982,
-0.535877,
-0.993631,
-0.14246,
0.150179,
-1.10424,
0.682636,
0.8577,
-0.895307,
0.653081,
-0.379663,
-0.175956,
-0.104384,
0.132518,
-0.555023,
-1.05653,
-0.268824,
0.0277871,
0.6295,
0.0263782,
0.388661,
-0.924973,
0.243778,
0.0179125,
0.325891,
-0.829183,
1.02442,
0.719806,
-0.496483,
0.868642,
-0.186892,
-0.209022,
-0.309302,
0.905149,
-0.168899,
-0.136564,
0.623495,
0.271374,
-0.142611,
0.306382,
0.733317,
0.440437,
0.903814,
-0.00634325,
-0.243072,
1.23506,
0.511157,
0.781234,
0.83519,
-0.350628,
-0.295051,
0.0486411,
0.170305,
-0.693339,
-0.661468,
-0.110145,
0.253127,
-0.19823,
0.86426,
0.272128,
-0.279325,
0.867182,
-0.217588,
0.478772,
0.0826979,
-0.605068,
0.246164,
0.414052,
-0.422043,
-0.204712,
-0.156374,
0.466288,
-1.0746,
0.360514,
0.0509452,
-0.764559,
0.678099,
0.321377,
0.210335,
-0.294876,
-0.794576,
0.748492,
0.681464,
-0.789983,
0.090752,
-0.148246,
-1.06789,
-0.329067,
-0.691927,
-0.655417,
-0.911742,
0.406574,
-0.831504,
0.344033,
-0.922417,
-0.914142,
-0.841245,
0.350284,
0.181602,
0.283343,
0.927053,
-0.0945424,
0.119842,
0.186264,
-0.155719,
-0.579859,
0.690136,
0.508965,
0.256863,
0.318311,
0.477531,
0.81546,
-1.15459,
1.26495,
0.870574,
-0.897558,
-0.38364,
0.561572,
0.357413,
0.489395,
0.473747,
-0.522062,
-1.21142,
-0.0809715,
0.634888,
-1.03479,
-0.035139,
0.763758,
0.998615,
-0.146818,
-0.176563,
0.683366,
-0.613968,
-0.396849,
-0.848585,
-0.270825,
-0.72946,
-0.589189,
-0.802459,
-0.0590103,
0.605806,
0.275202,
0.791648,
0.513592,
0.50797,
0.755714,
-0.851723,
1.00441,
0.344837,
0.11957,
0.382549,
-0.420739,
0.0152321,
0.408483,
-0.815801,
-0.275668,
-0.0575557,
0.644151,
-0.3433,
0.518705,
0.575582,
0.114349,
0.272668,
0.193369,
0.411941,
0.337748,
-0.551451,
-1.01151,
-0.88745,
0.407944,
0.153844,
-0.625403,
0.0406316,
0.168547,
0.041812,
-0.91975,
-0.183014,
0.18587,
-0.678327,
0.376829,
0.0694236,
0.320931,
0.635313,
-0.765625,
0.131638,
-0.321496,
-0.612874,
0.524766,
-0.365478,
0.614972,
-0.547464,
-0.325326,
-0.216238,
0.157314,
0.0742129,
-0.967242,
-0.364876,
0.531833,
-0.205443,
-0.866352,
0.668224,
0.277565,
-0.102812,
-0.362029,
0.637383,
-0.151911,
0.483526,
-0.256338,
-0.547511,
0.506198,
0.34097,
0.63738,
0.805135,
-0.995256,
0.702571,
0.940863,
-1.13772,
-1.14017,
-0.951211,
-0.459582,
0.0781566,
-0.0528562,
-0.0993949,
-0.757751,
-1.15531,
-0.821015,
-0.504448,
-0.430709,
-0.983034,
0.686385,
0.49382,
-1.10386,
-1.03978,
-0.940982,
0.851301,
0.417647,
-0.821069,
-1.09915,
0.531528,
-0.288309,
-0.466254,
-0.0617468,
-0.672129,
-0.796831,
-0.0245427,
-0.273035,
-0.727273,
-0.870523,
0.326849,
-0.0307334,
-0.90984,
-0.526446,
-0.831329,
0.569301,
-0.462114,
0.732745,
-0.739109,
0.745636,
0.472709,
0.354747,
0.0974478,
-0.605653,
-1.08743,
-0.856912,
0.608116,
0.334673,
-1.01611,
0.231362,
-0.435992,
-0.19214,
-0.656582,
0.640731,
-0.539854,
-0.759684,
-0.782743,
0.244296,
-0.399449,
0.833081,
-0.118301,
0.748535,
-0.904645,
0.615368,
-0.0637273,
-0.0119306,
0.304307,
0.662739,
0.672601,
0.670836,
-0.213798,
0.0319815,
0.0593117,
-1.03141,
0.781113,
0.386197,
0.200677,
0.0933177,
-1.12577,
-0.0332312,
-0.164117,
-0.705108,
-0.217911,
-0.294494,
-0.744007,
-1.12014,
-0.598343,
0.491163,
0.229106,
-1.16292,
0.0238336,
-0.494166,
-0.714306,
-0.16892,
-0.36902,
-0.819679,
-0.00762674,
-1.24366,
-0.498669,
-0.823339,
-0.659529,
0.580925,
-1.09503,
-0.701362,
0.490247,
-0.713058,
0.0537289,
-1.27751,
-0.881859,
-0.201899,
0.83929,
-0.0844885,
0.67279,
0.27323,
0.362,
-0.65064,
-0.539637,
0.0862393,
-0.16388,
-0.399629,
-0.867669,
0.075983,
0.0305635,
0.757731,
0.0367533,
-0.153988,
-0.666319,
-0.908884,
0.378848,
-0.9053,
0.445511,
0.980328,
-1.04503,
0.4748,
1.12777,
0.00094943,
0.581274,
-0.0889931,
0.340154,
0.542024,
-0.969718,
-1.07782,
-0.045229,
0.0539621,
0.641881,
-0.299886,
-0.424733,
0.308649,
-0.349701,
-0.583884,
-0.255557,
-0.462342,
-0.160932,
-0.736722,
0.904893,
-0.565622,
-1.02332,
0.0577415,
0.716316,
0.630853,
0.124322,
-0.503648,
0.994236,
-0.363777,
0.267059,
-0.0602244,
-0.868499,
-0.670578,
-0.163404,
-4.66842,
-0.689552,
-1.11366,
-0.875447,
-0.14834,
0.494036,
-0.426889,
-0.276503,
0.764031,
0.0926237,
0.388531,
0.0369956,
0.781559,
-0.682128,
0.320809,
0.942617,
-0.547893,
-0.311836,
0.353748,
-1.34366,
-0.323711,
0.131254,
-0.3829,
-0.59801,
0.327571,
0.817164,
0.946488,
0.384234,
-0.466844,
-0.891729,
0.873333,
-0.691546,
-0.344629,
0.805717,
0.949713,
-0.17092,
0.935811,
-0.177552,
0.389222,
0.372266,
0.481361,
-0.0691393,
0.0312372,
-0.251145,
-0.318076,
-0.229879,
-0.0216022,
0.609173,
0.647545,
0.31826,
-0.886964,
0.341841,
-0.41709,
0.314378,
-0.686183,
0.256471,
0.580663,
0.114004,
-0.521069,
-0.835846,
0.894636,
0.181845,
-0.109319,
-1.15582,
-0.00821027,
-0.307139,
-0.148941,
1.32903,
-0.536677,
1.1018,
-0.856177,
0.38323,
-0.206816,
-0.765069,
0.968566,
0.276406,
-0.381024,
0.554439,
0.745035,
-0.0509834,
0.2011,
0.176366,
-1.6101,
-1.41879,
1.29879,
-0.273669,
-0.275669,
-0.907242,
0.91174,
1.0057,
-0.167782,
0.761114,
-0.322449,
0.676559,
-0.0897476,
-0.354305,
0.499696,
0.165508,
0.99629,
-0.467658,
0.649199,
0.310975,
-0.240101,
0.168185,
-0.710755,
0.565259,
0.22243,
-0.543106,
0.568501,
-0.442922,
-0.844977,
0.909351,
1.18959,
0.38107,
0.44785,
0.544848,
1.22367,
-0.711224,
-0.438802,
-0.0911509,
0.70078,
-0.104669,
-0.767231,
0.0422183,
-0.524448,
-0.264014,
0.703633,
1.09928,
-1.55983,
0.0333361,
0.196106,
-0.495671,
-0.812851,
-0.138328,
0.267664,
0.483612,
0.672903,
-0.527,
-0.844417,
0.647633,
-0.479415,
0.228797,
-0.485404,
0.754217,
-0.0734294,
0.309864,
-0.360058,
-2.21824,
-0.357124,
-1.1537,
0.498333,
0.904656,
0.858082,
0.33549,
-0.0216565,
-0.0855406,
0.0764926,
0.44537,
-0.517823,
0.41441,
0.661143,
-0.853949,
0.373765,
-0.34565,
1.12337,
-0.0877457,
0.805926,
-1.63657,
0.340911,
0.36091,
-0.382153,
-0.232723,
0.364642,
-0.877458,
1.18916,
-0.179578,
-1.10767,
-1.02896,
0.284366,
0.834821,
0.48139,
0.325815,
-0.0920192,
0.466311,
-0.638225,
-0.132164,
0.351361,
0.513628,
0.451264,
0.222666,
0.852268,
-0.183389,
-0.250813,
1.0629,
0.0333502,
-1.4326,
-0.886295,
0.731627,
1.48956,
0.276804,
-0.168025,
0.193658,
0.584776,
0.529649,
0.217811,
-0.330424,
0.393048,
0.177692,
1.06125,
0.475265,
-0.654611,
-0.092737,
-0.419054,
0.764117,
-3.1898,
-0.655899,
-0.781814,
0.413262,
-0.0732749,
0.42469,
0.153232,
0.14393,
0.360288,
-0.260205,
-0.209992,
0.418628,
1.01169,
-0.79126,
-0.0685895,
0.585679,
0.831935,
0.638604,
-0.071199,
0.609509,
-0.740446,
-0.777593,
0.883611,
-0.842565,
-0.0210556,
1.60163,
-0.6617,
-0.0397708,
-0.411122,
1.17848,
-0.79423,
-1.49033,
-0.504903,
0.303665,
0.962947,
0.263741,
-0.620549,
0.235517,
0.671919,
-0.17661,
-0.506011,
0.231961,
-0.1386,
-0.289504,
-0.349241,
0.0153208,
-0.160667,
-0.702834,
-0.254787,
-0.380073,
0.843067,
0.457895,
-0.438352,
0.378095,
0.386517,
0.711722,
0.934812,
0.473396,
0.371637,
0.0640159,
0.602684,
-0.467224,
0.939323,
-0.485344,
0.767667,
-0.464154,
-0.311046,
-0.410898,
-0.261385,
-0.865082,
0.31751,
-0.219387,
0.999095,
-0.658158,
-0.110466,
-0.580678,
-0.453734,
0.496366,
0.241981,
0.196675,
-0.357357,
-0.166867,
0.0697416,
-0.658351,
0.47976,
-0.552253,
0.22125,
0.672342,
0.681011,
-0.0439993,
-1.1378,
0.611836,
-0.475096,
0.132696,
0.304433,
0.919953,
-0.563154,
0.211354,
0.663793,
0.175752,
0.80208,
-0.526485,
-0.758719,
-0.421474,
0.666884,
-0.0103206,
-0.227236,
1.04553,
-0.420329,
-0.597637,
0.0109066,
1.00772,
-0.284385,
-0.338738,
0.0685721,
-0.531566,
-0.375711,
-0.331296,
-0.228626,
0.327738,
-0.292154,
0.415571,
0.899533,
-0.792089,
-0.401548,
0.806178,
-0.661177,
0.199486,
-0.878475,
0.285933,
-0.73955,
-0.854354,
0.767939,
0.52324,
0.646779,
-0.284669,
0.587861,
0.69781,
-0.275731,
0.655455,
0.379408,
0.703507,
0.0335012,
-0.131388,
0.395114,
-0.485059,
-0.651,
-0.759509,
-0.0743753,
-0.824068,
-0.841101,
0.262474,
0.189047,
0.721626,
-0.424805,
-0.238117,
0.200697,
0.455184,
-0.882486,
0.893463,
0.865634,
-0.250086,
0.130328,
0.220007,
0.829828,
0.793918,
0.280263,
-0.383522,
0.0318341,
-0.914434,
-0.611885,
0.132907,
-0.575653,
-0.484089,
-0.599177,
-0.0478464,
0.768558,
0.636712,
0.155901,
-0.326441,
-0.593268,
0.521031,
0.723987,
0.349245,
0.794305,
-0.503805,
-0.54796,
-0.301159,
0.715746,
0.83761,
-0.596671,
-0.682628,
-0.661203,
0.647879,
-0.0501887,
-0.386054,
-0.194398,
-0.0105727,
-0.590188,
0.0271785,
0.0840822,
0.654963,
0.201649,
0.281033,
-0.568217,
0.405581,
-0.164282,
-0.973382,
-0.31249,
-0.565074,
0.289581,
0.137101,
0.635633,
-0.217344,
0.393074,
0.107858,
0.223641,
-0.628053,
-0.315024,
0.407878,
0.676586,
0.811354,
0.379913,
-0.500953,
-0.454981,
0.676503,
0.152447,
-0.436731,
0.679221,
-0.688175,
-0.0125975,
0.216912,
0.860375,
-0.898134,
0.362753,
-1.05015,
0.935591,
-0.00971957,
0.479754,
-0.891169,
0.0206072,
3.93159,
-0.14973,
-0.617771,
-0.284157,
1.15832,
-0.171013,
0.208746,
-0.318829,
0.530686,
-0.280557,
0.341838,
-0.229163,
0.126169,
0.429224,
0.776104,
0.395821,
-1.45638,
-0.627223,
0.317905,
1.42946,
-0.133204,
0.303405,
0.172498,
0.149144,
-0.687002,
-0.213218,
0.484558,
0.326906,
0.864472,
0.0640342,
1.01821,
0.556057,
0.275711,
-0.368024,
0.428643,
-0.5271,
-0.5997,
0.460383,
-0.00399513,
0.499532,
-0.097841,
0.106027,
0.966836,
-0.894977,
0.293812,
0.475715,
0.442741,
-0.627036,
-0.641607,
1.00996,
-1.92446,
-0.285117,
0.109668,
0.0669663,
0.114018,
0.226528,
0.742303,
-0.569625,
0.746523,
-0.0784261,
-0.219446,
0.72154,
-1.12335,
0.537374,
0.0207975,
-0.347933,
-1.0033,
-0.521466,
-0.666529,
1.14365,
-0.250856,
-0.454041,
-0.196859,
0.439985,
0.89349,
-0.711112,
0.998047,
-0.0263886,
0.0744128,
0.994402,
0.474564,
0.913633,
-1.77884,
0.996612,
0.808984,
0.602343,
-0.313474,
-0.579576,
0.0525834,
-0.015506,
0.624656,
0.528243,
0.509532,
-0.594482,
0.104571,
-0.446382,
0.50979,
0.426479,
0.137514,
-0.29539,
1.31237,
1.2489,
0.156601,
-0.0331347,
-0.249164,
-1.21677,
1.15555,
0.164957,
0.0970777,
-1.09924,
-1.46615,
-0.160757,
0.859016,
-0.876555,
-0.588005,
-1.19353,
-0.555217,
0.850882,
-0.0708678,
-0.590375,
-0.219855,
0.359334,
0.46811,
-0.113624,
0.289818,
1.42124,
-1.02556,
0.37317,
-1.09693,
-0.00994016,
1.03773,
-0.834714,
0.290508,
0.901703,
0.876825,
-0.331865,
0.285939,
-0.76597,
0.136387,
0.936094,
-0.00894192,
0.72515,
-0.816829,
0.75576,
0.763345,
0.735539,
-0.172171,
-0.43784,
0.0368698,
-0.0371049,
0.507591,
-0.882249,
0.121123,
-0.0951872,
0.186086,
0.769418,
-0.254853,
-0.765847,
0.182045,
0.623876,
0.381417,
0.389941,
0.285437,
0.75672,
0.117019,
0.565554,
0.515243,
-0.206214,
0.551136,
-0.23185,
-0.129243,
0.310238,
0.128932,
-0.912434,
-0.534483,
0.49866,
0.531541,
-0.209032,
-0.793149,
0.375055,
-0.357838,
-0.622452,
-0.0777814,
-0.702603,
-0.0238547,
0.523799,
0.941644,
0.0269616,
0.0543801,
0.434883,
-0.669665,
-0.906607,
0.312044,
0.062943,
-0.0202059,
